0	247
0	247
0	246
0	246
0	247
0	246
0	246
0	247
0	247
0	247
0	246
0	248
0	255
1	255
2	254
1	265
4	265
3	264
4	270
6	269
5	280
7	280
8	278
7	283
10	282
9	280
9	289
12	288
12	293
14	291
14	289
13	300
16	297
16	303
18	301
18	309
20	306
20	303
20	308
23	305
21	314
24	311
24	316
25	312
26	309
26	317
29	314
28	318
30	315
29	324
31	321
32	318
32	322
34	319
33	326
36	323
36	327
37	323
38	320
37	329
40	325
39	329
42	325
42	322
41	330
44	327
44	331
46	328
45	338
48	334
48	329
48	334
50	330
50	338
53	334
52	338
54	334
54	330
53	339
56	336
56	339
58	336
58	343
61	340
60	335
60	338
62	335
60	343
64	340
64	344
64	340
66	336
65	344
68	340
68	344
70	340
69	349
71	344
72	340
72	344
74	340
73	347
76	344
76	348
77	344
78	340
77	350
80	346
80	349
82	346
82	342
82	350
84	346
84	349
86	345
85	353
88	349
88	345
88	349
90	345
89	352
92	349
92	352
95	349
94	344
93	353
96	349
96	353
98	348
97	355
100	352
100	347
100	351
102	346
101	354
104	350
104	353
106	349
105	356
108	351
108	354
110	350
109	359
112	355
112	358
114	353
113	360
116	355
117	359
118	354
117	361
120	356
120	359
122	355
122	350
122	358
124	353
124	356
126	352
119	309
118	309
118	315
120	315
120	324
122	322
122	327
125	325
123	334
126	331
126	335
128	332
128	340
130	337
130	340
132	337
131	347
134	344
134	347
135	343
136	339
136	347
139	344
138	346
140	343
140	351
142	347
142	351
144	347
143	353
146	350
146	353
149	349
147	357
150	353
150	355
152	352
151	358
154	354
154	357
156	353
155	360
157	355
158	352
158	354
160	352
159	358
162	354
162	358
164	354
163	362
166	358
166	361
168	356
167	364
170	359
170	362
172	358
172	366
174	361
174	363
176	359
175	366
178	361
178	364
180	360
180	356
178	364
182	360
181	362
184	358
183	365
186	360
186	364
188	359
187	368
190	363
190	366
191	360
191	368
194	364
194	366
196	362
195	371
198	367
198	370
200	365
199	371
202	368
202	362
202	365
204	361
203	368
206	364
206	368
208	363
207	370
210	366
210	369
212	364
211	372
214	367
213	370
215	366
215	372
218	368
218	371
220	367
219	373
222	369
221	371
224	368
223	374
225	369
226	365
226	369
228	365
227	373
230	369
230	371
232	368
231	374
234	369
234	373
236	368
235	376
238	372
237	374
240	370
239	376
242	371
242	374
244	370
236	310
232	310
232	316
234	317
234	315
233	325
236	324
236	329
238	327
237	336
240	335
240	339
242	337
241	345
244	342
244	346
246	343
245	353
248	351
248	354
250	350
249	358
252	355
252	358
254	354
253	362
256	359
256	354
256	357
258	354
257	362
260	359
260	362
262	358
261	366
264	362
264	365
266	361
265	368
268	364
268	367
270	362
269	370
272	367
272	370
274	365
273	372
276	368
276	371
278	367
277	377
278	371
280	368
280	370
282	367
281	373
285	369
284	372
286	369
285	376
288	371
288	375
290	371
290	377
292	373
292	376
294	371
291	379
296	375
296	378
298	373
297	381
300	376
300	379
301	374
302	370
301	377
304	372
304	375
306	372
305	379
308	375
308	377
310	373
309	384
312	378
312	381
314	376
313	383
316	379
316	383
318	377
317	385
320	381
320	382
322	379
322	385
324	380
324	376
324	380
326	374
325	384
328	379
328	382
330	377
329	384
332	379
332	383
334	378
333	386
336	381
336	385
338	379
337	386
340	382
340	386
342	381
341	390
344	385
344	388
346	384
346	379
345	386
348	381
348	385
350	381
349	388
352	383
352	386
354	383
354	389
356	385
356	388
358	384
351	341
350	339
350	345
352	343
351	353
354	350
354	355
356	353
355	361
358	358
358	362
359	358
360	355
359	364
362	360
362	364
364	361
363	373
366	368
366	372
369	368
367	375
370	372
371	375
372	371
371	379
374	375
374	379
376	374
376	381
378	377
378	382
381	377
379	384
381	381
382	376
382	380
384	376
384	383
386	379
386	382
388	377
387	386
390	381
390	384
392	381
391	388
394	383
394	387
396	383
396	392
399	387
398	390
401	386
400	393
402	388
402	392
405	387
404	383
403	391
407	386
406	389
408	385
408	392
410	388
410	391
413	387
410	395
414	391
414	394
416	389
416	397
419	391
418	394
421	390
419	397
422	393
422	396
424	391
423	398
427	394
426	389
426	392
428	388
427	397
430	394
430	397
433	391
432	399
434	395
434	397
437	393
436	400
439	395
439	399
440	394
440	401
442	397
442	400
445	395
443	404
446	399
446	402
448	398
448	403
449	400
451	395
450	398
452	394
451	401
454	397
454	400
457	396
455	403
458	399
458	401
460	397
459	407
463	403
462	405
465	401
464	407
467	403
467	406
469	401
467	409
471	405
471	407
473	403
473	399
472	405
475	401
475	404
477	400
495	676
533	664
533	650
535	631
534	626
537	610
536	602
539	589
538	587
540	575
540	570
543	559
542	560
544	550
545	547
546	537
545	542
549	532
548	523
548	522
551	513
550	517
553	508
553	510
555	501
553	506
556	499
556	499
559	492
558	498
561	490
560	492
563	486
562	492
564	485
564	486
567	480
566	485
569	479
569	480
571	475
569	481
571	474
572	469
572	471
575	465
574	471
576	466
576	469
578	465
577	473
581	468
580	471
583	465
582	471
585	466
585	468
587	464
586	471
589	465
589	468
591	464
590	471
593	466
593	467
594	463
595	459
592	466
596	461
597	464
599	460
598	467
601	463
600	465
603	461
601	468
604	462
604	465
607	460
606	468
608	464
608	467
611	462
609	472
613	468
612	470
615	465
614	472
617	468
617	463
617	466
619	462
617	470
621	465
621	469
623	465
622	472
625	468
624	472
627	469
626	476
628	472
629	475
631	470
630	477
633	473
633	476
635	472
633	479
637	475
636	479
638	474
638	470
638	478
640	474
641	477
643	473
641	483
645	479
644	483
647	479
646	487
649	481
649	485
651	482
650	488
653	484
653	488
655	484
654	492
657	489
657	492
659	489
652	447
651	444
650	451
652	449
653	446
652	456
655	453
655	458
657	456
656	465
658	462
658	466
660	463
660	474
663	469
663	474
665	472
664	481
667	479
667	482
669	478
668	486
671	483
671	487
673	485
672	492
674	488
674	485
675	489
677	486
676	494
679	490
679	494
681	491
680	500
682	497
682	500
685	496
684	504
687	500
687	504
689	500
687	508
691	504
690	508
692	504
692	512
695	508
694	513
697	511
696	506
695	516
699	513
699	516
701	513
700	521
703	516
703	521
705	517
704	525
706	523
707	525
709	521
708	530
711	526
711	529
713	527
710	535
715	532
715	535
717	530
716	539
719	534
719	529
719	534
721	530
720	539
723	535
722	538
725	535
724	543
727	539
727	543
729	539
728	549
731	547
731	550
733	545
732	553
735	549
735	553
737	550
736	557
739	553
739	558
741	553
740	561
742	558
743	553
743	558
745	555
744	563
747	559
746	563
749	559
748	566
751	563
751	567
753	563
752	571
755	567
755	570
757	567
756	575
759	570
759	574
761	572
760	582
763	578
763	581
765	577
765	574
764	581
767	577
767	581
769	577
768	587
771	582
771	586
773	582
772	591
775	587
775	592
777	588
769	529
766	528
765	534
768	533
767	543
770	542
770	548
772	546
770	554
774	553
774	549
773	555
775	553
775	561
777	559
777	565
780	562
778	572
782	569
782	573
784	570
783	578
786	575
785	580
788	576
787	585
790	581
789	586
792	582
791	590
794	587
794	591
796	588
794	597
796	594
798	588
797	592
800	590
799	597
801	592
802	597
803	593
802	601
805	597
805	601
807	598
808	605
810	602
809	606
812	602
811	613
814	608
814	611
816	607
815	615
818	611
818	615
819	611
820	607
819	617
821	612
821	615
824	611
823	620
826	617
826	621
828	616
825	625
830	622
829	624
832	621
831	627
833	622
833	627
835	622
834	629
837	626
838	630
840	625
839	632
842	628
841	625
842	628
844	624
842	636
845	631
846	634
848	630
847	637
850	634
850	637
852	633
851	640
854	636
853	639
856	637
855	643
858	639
858	644
860	640
858	648
862	643
862	645
863	641
864	637
863	645
865	641
865	644
868	641
866	648
869	643
869	646
872	642
871	650
874	647
873	649
876	646
875	658
878	652
878	655
880	651
879	657
882	654
882	657
884	653
883	661
886	656
886	659
887	656
888	651
888	659
890	656
890	659
893	654
885	613
884	610
883	615
886	613
885	622
888	620
888	625
890	622
888	631
892	626
892	631
894	629
893	636
896	633
896	638
898	635
897	645
899	642
900	637
899	642
902	638
901	644
904	642
904	645
906	642
905	650
908	646
907	649
910	646
909	654
912	649
912	653
914	651
912	660
916	654
915	657
918	652
917	661
920	656
919	659
922	654
922	650
921	658
924	655
923	659
925	653
925	662
928	658
927	660
930	657
929	667
932	662
932	666
934	661
933	669
936	665
936	668
938	664
937	672
940	667
940	670
942	666
942	674
944	670
944	665
944	670
946	666
943	674
948	669
948	674
950	667
950	675
952	671
952	673
954	670
953	677
956	672
956	674
958	671
957	678
960	675
960	677
962	673
961	683
964	678
964	680
966	677
966	684
967	679
968	674
968	678
970	675
969	682
972	677
972	681
974	677
974	685
976	680
976	684
978	680
977	688
980	684
980	686
982	681
981	690
984	686
984	687
986	684
985	690
988	686
988	689
989	684
990	680
989	689
992	684
992	689
994	686
993	695
997	690
996	694
998	688
997	696
1001	692
1000	695
1002	692
1001	697
1004	693
1004	695
1007	691
1006	701
1009	702
1011	698
1010	684
1007	680
1008	665
1006	659
1005	648
1003	648
1004	633
1001	632
1002	622
999	621
1000	609
997	608
997	601
995	601
997	587
992	589
993	579
991	579
992	569
989	569
989	563
986	565
988	555
985	556
985	551
983	552
984	542
982	544
981	545
981	541
978	542
980	531
977	533
977	527
975	529
976	518
973	520
973	515
971	518
972	508
969	511
969	505
966	508
967	500
965	501
965	497
963	500
964	489
960	491
961	485
959	489
958	494
959	483
957	485
957	480
954	484
956	475
953	477
953	474
951	477
952	468
948	472
949	469
947	471
950	463
945	464
945	458
943	461
944	452
941	455
941	452
939	454
940	446
937	450
937	453
937	447
934	451
935	443
933	446
932	442
930	446
932	435
928	438
928	433
926	436
927	427
924	432
924	428
922	431
923	424
920	427
921	422
918	427
919	419
916	422
916	418
914	423
916	414
914	417
913	419
913	415
910	420
911	411
908	413
909	410
906	413
908	405
904	409
905	404
902	408
903	400
900	403
900	400
898	404
900	394
897	397
896	393
894	397
895	389
892	393
893	388
891	392
890	397
891	391
889	393
888	389
886	393
887	386
884	388
885	385
882	389
889	431
891	432
891	424
889	427
890	414
887	416
887	411
885	412
886	402
883	405
883	399
881	402
881	393
879	396
879	400
879	394
877	397
878	387
875	387
875	384
873	386
873	377
870	381
871	376
868	380
870	372
867	375
867	370
864	377
865	367
862	369
862	367
860	371
862	362
859	364
859	360
857	363
857	367
858	358
854	362
854	357
852	362
853	354
850	356
851	352
849	356
849	348
847	351
847	348
844	353
846	342
842	345
842	341
840	346
841	337
838	340
838	337
836	341
837	334
835	338
834	334
833	338
832	342
833	334
830	339
830	334
828	338
831	330
827	333
827	328
824	331
825	324
822	327
822	323
820	327
821	320
818	323
819	319
816	324
817	316
814	320
814	316
812	320
813	310
812	313
810	318
810	314
808	316
809	310
806	314
806	309
803	314
805	307
802	309
802	307
800	311
801	303
798	306
798	303
796	308
797	301
794	303
795	299
792	303
793	294
790	298
790	294
788	299
788	304
789	295
786	299
787	297
784	299
785	291
782	295
782	291
780	296
782	288
778	289
778	286
776	290
777	283
774	287
774	283
772	286
773	281
770	284
771	279
768	285
769	278
766	281
766	286
767	282
764	286
773	344
776	344
776	336
774	336
775	325
772	326
772	320
770	322
771	312
768	314
768	308
766	310
767	301
764	304
764	299
761	303
763	291
760	294
759	289
757	292
758	283
756	287
755	290
755	285
753	290
754	280
752	284
751	281
749	283
750	276
747	279
747	274
745	279
747	270
743	273
744	269
742	272
742	264
739	269
739	263
737	268
738	260
736	262
736	259
733	263
734	267
734	259
731	262
731	258
729	264
731	253
727	256
727	253
725	256
726	248
723	252
723	249
721	253
722	246
719	249
720	246
717	249
718	242
715	247
715	243
713	247
716	240
711	242
712	247
712	242
709	245
710	237
707	241
707	237
705	242
706	233
703	236
703	234
701	237
702	229
699	233
699	230
697	234
698	224
695	228
695	225
693	229
694	221
691	225
691	221
689	226
690	219
688	223
687	226
687	223
685	228
686	221
683	224
683	221
680	226
682	218
679	220
679	216
677	220
678	213
675	217
675	212
673	218
674	210
671	214
672	211
669	214
670	206
667	211
667	208
666	211
665	217
666	207
663	210
663	206
661	210
662	203
659	206
659	204
657	208
658	200
655	204
655	202
653	206
654	198
651	203
651	199
649	204
656	247
657	248
658	241
656	243
656	233
653	234
654	238
653	232
651	235
653	225
649	227
649	222
647	225
648	218
645	219
646	216
643	220
644	209
642	212
641	207
639	211
640	203
637	206
637	202
635	207
636	198
633	201
633	199
631	202
631	206
632	199
629	201
629	197
627	202
629	193
625	198
626	192
623	196
624	190
621	192
621	188
619	193
620	185
618	189
617	185
615	189
616	182
613	186
613	183
611	188
612	177
609	180
609	178
608	181
608	185
608	178
605	182
605	179
603	184
604	175
601	180
602	176
599	180
600	174
597	177
597	175
595	179
598	171
594	173
593	171
592	174
592	167
589	170
590	167
587	172
588	164
587	168
586	173
585	169
583	173
584	165
581	169
582	166
579	170
580	161
577	165
577	161
575	165
576	159
573	162
573	159
571	164
572	157
569	161
569	158
567	162
568	156
565	160
565	157
563	162
563	165
565	158
561	161
561	157
560	161
560	154
557	159
557	156
555	160
556	152
553	157
554	152
551	157
552	149
549	154
549	152
547	156
548	147
545	151
545	148
543	152
544	145
541	149
541	154
541	151
539	155
540	147
538	151
538	149
535	153
536	146
533	150
533	148
531	153
511	0
475	0
475	0
474	0
473	0
474	0
472	0
471	0
471	0
469	0
469	0
470	0
467	0
467	0
466	0
465	0
466	0
463	0
463	6
463	7
461	15
462	8
459	16
459	24
459	23
457	31
458	27
454	34
455	35
454	42
452	49
454	44
451	50
451	49
449	56
449	51
448	57
447	63
447	63
445	68
446	61
443	67
443	65
442	71
441	78
441	71
439	76
440	74
437	79
438	73
436	78
435	84
435	81
433	86
434	80
431	84
431	90
431	88
429	93
430	84
427	89
427	85
425	91
425	96
425	89
423	94
423	92
421	96
422	89
419	94
419	98
419	96
416	102
417	94
415	100
415	98
413	102
415	95
411	99
411	105
411	101
409	106
410	100
407	103
407	101
405	106
406	99
403	104
403	101
401	107
402	100
399	104
399	104
397	109
398	99
396	104
395	108
395	105
392	110
393	104
391	108
390	105
388	111
389	104
386	109
387	107
385	111
385	104
382	110
383	108
380	112
382	105
379	109
379	106
377	112
377	105
375	109
374	107
374	112
372	116
374	109
371	113
371	111
369	116
369	109
367	114
367	111
365	117
366	107
362	111
363	108
360	114
361	107
359	111
359	110
356	114
357	108
355	112
355	109
353	114
353	108
350	112
351	118
351	115
348	119
355	164
357	164
357	158
355	160
356	151
353	153
353	148
351	151
352	143
349	146
349	140
347	144
348	137
345	139
345	136
343	140
344	130
340	133
341	130
339	133
339	138
339	131
336	134
336	130
334	134
336	126
333	130
333	127
331	132
331	124
329	129
329	126
326	130
328	122
325	126
325	123
323	127
323	120
320	125
320	122
319	126
319	119
317	123
317	120
316	125
315	129
316	122
313	126
313	123
311	128
312	118
308	122
309	120
307	124
307	117
305	121
305	118
302	124
304	117
301	121
301	118
299	124
300	117
296	121
297	118
295	122
297	116
294	120
293	124
293	122
291	126
292	119
289	123
289	120
287	124
287	117
285	121
285	118
283	123
283	117
281	122
281	118
279	123
280	114
277	118
277	116
275	120
275	114
272	118
273	116
270	120
271	125
272	117
268	122
269	119
267	124
267	117
264	121
264	119
262	123
264	115
261	121
261	118
259	122
260	115
257	119
257	117
255	122
256	114
253	119
253	117
251	121
251	115
249	119
249	124
249	121
247	127
248	116
244	121
245	119
243	122
243	116
241	120
241	117
238	122
240	116
237	120
237	117
235	122
235	114
232	120
233	117
231	122
238	181
242	182
242	175
240	176
241	165
239	167
238	169
238	163
236	166
237	156
234	158
234	154
232	157
233	148
230	150
231	147
228	151
229	140
226	143
227	140
224	144
225	137
222	140
222	135
220	140
221	133
219	136
218	133
216	137
217	142
217	134
214	138
214	134
212	139
214	131
211	134
210	131
209	135
209	128
206	132
207	129
204	133
205	125
203	130
203	127
200	131
201	125
198	129
198	126
196	131
197	121
194	126
195	131
194	127
192	132
193	124
191	129
190	126
188	130
189	123
186	127
187	125
184	128
185	122
182	126
182	124
180	128
183	121
179	124
178	122
176	126
177	120
174	124
175	122
172	126
174	119
172	123
171	128
171	125
169	130
170	123
166	126
167	124
164	129
166	119
162	123
163	121
160	124
161	120
158	123
158	120
156	125
157	118
154	122
154	120
153	124
153	118
150	123
150	120
149	125
148	129
149	121
147	126
147	122
145	127
145	121
143	124
143	123
141	127
142	119
139	124
139	122
137	126
137	120
135	124
135	121
133	125
134	117
130	120
130	118
129	123
129	116
126	121
127	126
126	122
125	127
126	120
123	125
123	121
121	126
121	119
118	123
119	121
117	125
123	166
125	169
125	162
122	163
124	154
121	157
121	151
119	154
120	145
116	147
117	144
115	147
115	150
115	143
113	146
113	142
111	146
112	135
108	138
109	136
107	139
107	131
104	136
105	133
102	136
103	129
101	132
100	129
98	134
99	127
97	131
97	134
97	130
95	133
96	125
93	129
93	126
92	130
91	133
91	126
88	130
89	126
86	130
88	123
86	127
85	130
85	126
83	130
84	123
81	126
81	124
80	128
78	131
80	121
77	124
76	121
74	125
75	130
75	123
73	127
73	123
71	127
72	118
69	122
69	127
68	124
66	127
67	120
64	123
64	120
62	123
62	128
65	121
61	125
61	121
59	125
59	117
57	121
57	125
57	122
55	126
56	118
53	121
53	119
52	122
51	126
51	120
49	123
49	120
47	124
48	114
46	118
45	122
45	119
42	122
43	116
40	120
40	117
39	120
38	125
40	116
37	121
37	118
35	121
35	126
36	118
33	121
33	118
31	122
32	114
29	118
29	123
29	119
27	122
27	115
25	119
25	116
23	121
23	125
24	116
21	119
21	116
19	120
20	114
16	117
17	122
16	119
14	122
16	112
13	116
13	113
12	117
11	121
12	114
9	118
9	114
7	117
7	121
8	112
4	115
5	120
5	116
2	119
3	111
2	114
1	118
1	115
0	118
0	121
0	126
0	135
0	138
2	141
1	155
4	156
3	158
4	167
6	168
5	181
6	181
8	182
8	190
10	190
9	200
11	201
12	200
12	207
14	206
13	219
16	218
16	217
16	224
18	223
17	232
20	231
20	236
21	234
23	233
21	243
24	242
24	247
27	245
25	253
27	250
28	249
28	254
30	252
29	261
32	259
32	264
33	261
34	258
33	267
36	265
36	269
38	266
37	275
39	273
40	269
40	273
42	272
41	280
44	277
44	274
44	278
46	276
45	286
48	283
48	287
50	284
50	281
49	288
52	286
52	290
54	287
53	295
56	293
56	288
56	293
58	289
57	297
60	294
60	298
61	294
62	291
59	299
64	297
63	300
66	297
65	305
67	301
68	298
68	302
70	299
69	307
72	303
72	307
73	304
74	300
73	308
76	304
76	308
78	304
77	314
79	311
80	306
80	311
82	308
81	315
84	311
84	307
84	311
86	308
85	316
88	313
88	316
90	312
90	309
89	316
92	313
92	316
94	313
93	321
96	317
96	313
96	317
98	314
97	321
100	318
100	321
102	317
101	324
104	320
104	323
106	319
105	314
105	322
108	319
108	321
110	318
109	327
112	323
112	326
114	321
114	328
116	324
116	328
118	323
117	331
120	326
120	329
122	325
121	331
124	327
124	330
126	326
119	285
118	284
118	290
119	289
120	288
120	296
122	294
122	299
124	297
123	307
126	304
126	307
128	305
127	314
130	310
130	314
132	311
131	320
134	317
134	321
136	317
135	325
139	321
138	324
140	321
139	328
141	324
142	320
142	324
144	320
143	327
146	325
146	327
148	324
147	331
150	327
150	330
152	326
152	333
154	329
154	332
156	329
155	336
158	331
158	335
160	331
159	338
162	333
162	336
164	333
164	328
163	338
166	334
166	337
167	333
167	340
171	336
170	338
172	335
172	342
174	337
174	341
176	337
175	344
178	339
178	342
180	337
177	345
183	341
182	344
184	340
183	347
186	342
186	338
186	341
188	336
187	345
190	340
190	342
192	339
191	346
194	342
194	345
196	340
195	350
198	346
198	348
200	343
199	350
202	346
202	349
204	345
203	352
206	348
206	351
208	346
208	352
208	348
210	344
210	347
212	342
210	351
214	347
213	350
216	345
215	352
218	347
217	351
220	346
219	353
221	349
222	352
224	348
223	355
225	350
226	354
228	349
227	358
230	353
230	356
231	352
232	347
231	355
234	350
234	352
236	349
235	356
238	352
238	355
239	350
239	357
242	354
242	356
244	352
236	293
232	291
232	298
234	298
233	308
236	307
236	313
238	310
237	320
240	319
240	315
240	320
242	317
241	326
244	324
244	328
246	325
245	336
248	333
248	336
250	333
249	339
252	337
252	340
254	336
253	344
256	341
256	345
258	341
258	348
260	343
260	347
262	344
262	339
261	348
264	344
264	348
266	344
265	351
268	346
268	351
270	346
269	353
272	349
271	352
274	349
273	355
276	352
276	355
278	352
277	360
280	356
280	359
282	354
281	361
284	357
284	360
285	356
286	351
285	359
288	354
288	358
290	353
289	361
292	356
292	360
294	355
291	363
296	360
296	362
298	358
297	365
300	360
300	362
302	358
301	366
304	361
304	365
306	359
305	367
308	363
308	357
308	361
310	357
309	366
312	362
312	366
314	360
313	368
316	363
316	366
318	361
317	369
320	364
320	368
322	363
321	370
324	366
324	369
326	365
325	372
328	368
328	371
330	366
330	361
329	368
332	364
332	367
334	364
333	370
336	365
335	369
338	364
337	370
340	367
340	370
342	366
341	376
344	371
344	374
346	370
345	375
348	371
348	374
350	370
349	377
352	373
352	375
353	371
354	367
353	373
356	369
356	372
358	368
351	327
350	325
350	330
352	329
352	338
354	336
354	340
356	338
355	346
358	344
358	349
360	345
359	353
362	350
362	354
364	351
363	361
365	357
366	353
366	356
368	353
368	361
370	357
370	361
372	357
371	365
374	361
374	364
376	360
376	368
378	364
378	367
380	363
379	371
382	368
382	371
384	365
383	373
386	369
386	372
388	368
388	364
387	371
390	368
390	371
392	366
391	374
395	369
394	372
396	369
395	378
398	373
398	377
401	373
400	379
402	375
402	377
404	375
403	381
407	377
406	380
408	376
408	383
411	378
410	374
411	377
413	373
409	380
414	377
414	380
416	375
415	383
418	378
418	381
421	377
419	384
422	378
422	382
424	378
423	385
426	381
426	384
428	379
427	389
430	384
431	387
432	382
432	388
433	384
434	379
434	383
436	378
435	386
439	383
438	385
440	381
440	388
443	383
442	387
445	382
443	390
446	387
446	389
449	384
448	391
451	386
450	389
452	385
451	392
454	387
454	391
455	386
457	382
455	389
459	385
458	388
460	384
460	393
463	390
462	392
465	388
464	395
467	389
467	393
469	388
467	395
471	391
471	394
473	390
472	398
475	393
475	395
477	393
496	666
532	655
532	633
533	621
534	605
534	601
537	585
536	580
539	567
538	565
540	554
540	549
543	538
542	540
545	530
545	527
547	518
546	523
549	514
548	512
551	503
550	507
553	498
553	497
555	490
555	482
554	487
556	480
557	481
559	474
558	479
561	473
561	474
563	467
562	474
564	467
564	468
566	461
566	466
569	461
568	462
571	456
570	462
572	457
572	458
575	453
574	459
576	453
577	456
578	450
578	444
578	453
581	448
580	449
583	446
582	451
585	446
585	450
587	445
586	451
589	446
589	448
591	443
590	450
593	445
593	448
595	444
592	451
596	447
596	448
599	443
598	450
601	445
601	440
601	443
603	439
602	445
605	441
604	443
607	440
606	446
608	441
608	445
611	441
609	450
613	445
612	447
615	442
614	450
617	445
617	448
619	444
618	450
620	446
621	450
623	444
622	440
622	449
625	444
625	447
627	443
625	450
628	447
628	449
630	445
630	452
633	448
632	451
635	446
634	454
637	449
636	452
639	448
638	455
640	451
640	456
643	451
641	460
645	456
645	459
645	454
647	449
646	458
649	453
649	457
651	453
650	460
653	456
653	460
655	456
654	463
657	459
657	463
659	459
652	418
651	414
650	421
653	419
652	427
655	425
655	431
657	427
656	436
657	434
659	429
658	435
661	432
660	440
663	437
663	441
665	438
664	450
667	446
667	450
669	447
668	453
671	450
671	454
673	450
672	459
675	455
674	458
677	456
676	463
679	460
679	465
681	460
681	456
680	466
682	461
683	464
685	461
684	468
687	464
687	468
688	464
688	473
691	468
690	471
692	468
692	475
695	472
694	476
697	473
695	482
699	479
699	481
701	478
700	485
703	481
703	477
703	481
705	477
704	485
707	482
707	485
709	481
708	489
711	486
711	489
713	487
710	495
715	491
715	494
717	490
716	498
719	492
719	496
721	492
720	499
723	495
723	498
725	495
724	503
726	499
727	494
727	498
729	495
728	505
731	501
731	504
733	500
732	508
735	505
735	507
737	504
736	512
739	507
739	510
741	506
740	514
743	511
743	515
745	511
744	521
747	516
747	518
748	515
749	509
748	518
751	515
751	517
753	513
752	522
755	518
755	521
757	517
756	525
759	524
759	527
761	522
760	533
763	528
763	532
765	528
764	535
767	530
767	534
769	530
768	539
771	534
771	529
771	534
773	530
772	538
776	534
775	538
777	534
769	475
766	473
766	480
768	480
767	489
769	488
770	494
772	491
771	501
774	497
773	502
775	500
775	510
778	506
777	511
779	508
779	507
778	516
782	513
781	517
784	514
783	523
786	519
785	523
788	521
787	529
790	525
789	529
792	525
791	534
794	531
794	534
796	531
794	540
798	536
797	539
799	535
799	543
801	539
801	542
802	538
803	535
802	543
806	538
805	542
807	537
807	547
810	542
809	546
812	543
811	553
813	550
814	555
816	548
815	555
818	553
818	555
820	551
819	559
822	554
821	558
824	555
823	562
826	560
826	555
826	558
828	556
825	563
830	559
829	562
832	558
831	566
834	561
834	565
836	561
835	568
837	563
837	568
839	563
839	571
842	567
841	570
844	567
843	577
845	571
845	574
847	570
847	565
847	575
850	569
849	573
852	570
851	577
853	572
853	576
856	572
855	580
858	575
858	579
860	576
858	583
862	580
861	583
863	577
863	585
866	580
865	583
868	580
867	586
869	582
869	586
870	580
871	578
871	587
874	581
873	585
876	582
875	592
878	587
878	590
880	585
880	593
882	589
882	592
884	589
883	595
886	591
886	595
888	590
887	598
890	594
890	597
893	594
885	552
883	549
884	548
884	552
886	550
885	560
888	556
888	562
890	559
889	567
892	564
892	569
894	565
893	574
896	570
895	574
898	573
897	582
900	578
900	582
902	577
901	586
904	582
904	585
906	582
906	579
905	586
907	584
908	587
910	583
909	592
912	587
912	591
914	587
912	597
916	592
915	595
917	591
917	600
920	594
920	597
922	594
921	601
923	596
923	600
926	596
925	603
928	599
928	595
928	600
930	596
929	607
932	602
932	605
934	599
933	608
936	604
936	608
938	603
937	612
940	608
940	610
942	606
941	615
944	609
944	614
946	611
944	619
948	614
948	617
950	612
949	620
951	615
952	609
952	614
954	609
953	617
956	613
956	616
958	612
957	620
960	616
960	619
962	615
961	625
964	622
964	623
966	619
965	628
968	622
968	625
971	622
969	629
972	624
972	627
973	623
974	620
974	628
976	623
976	629
979	624
977	633
980	628
980	631
982	626
981	635
984	629
984	632
986	629
985	636
988	633
988	635
990	630
989	639
992	635
992	638
994	635
993	644
997	640
996	636
996	638
998	635
997	642
1001	638
1001	641
1003	638
1001	644
1005	648
1007	643
1006	651
1009	645
1009	649
1011	645
1010	631
1008	628
1008	611
1006	608
1005	598
1003	596
1004	583
1001	580
1002	571
999	570
1000	559
997	558
997	550
995	551
997	537
993	537
993	530
991	531
992	520
988	522
989	514
987	516
988	507
985	508
985	501
983	504
984	494
982	496
981	498
981	492
978	496
980	485
977	486
977	481
975	482
976	472
973	476
973	469
970	472
972	464
969	465
969	460
967	463
968	454
964	459
965	453
963	456
964	445
961	447
961	443
959	446
959	449
960	440
957	442
957	439
954	444
956	434
953	437
953	433
951	436
951	427
949	431
949	427
946	431
950	423
945	423
945	418
943	422
943	413
940	417
941	412
938	415
940	407
937	411
937	414
937	409
934	413
936	405
932	408
933	404
930	410
932	398
928	400
928	396
926	399
928	392
924	395
924	391
921	395
924	388
920	391
920	388
918	391
919	383
916	388
917	384
914	388
916	379
914	382
913	386
913	381
911	384
911	376
908	380
909	376
906	381
908	371
905	375
905	371
902	375
903	366
901	370
900	367
898	371
900	362
896	364
897	363
894	365
895	356
892	361
892	356
891	360
890	366
891	358
889	361
889	358
887	362
887	355
884	358
885	354
882	360
890	401
891	401
891	394
889	395
890	385
887	386
887	381
884	384
886	373
883	375
883	371
881	372
881	364
879	368
879	370
879	366
877	369
878	357
875	360
875	354
872	357
873	350
870	353
870	348
868	353
870	344
866	348
867	344
864	347
865	339
862	343
862	339
860	345
861	335
859	338
859	334
856	337
857	341
857	332
854	335
855	332
852	335
853	326
851	331
851	326
848	331
849	324
846	326
846	322
844	328
846	317
842	320
843	317
840	320
841	313
838	317
838	313
836	319
837	311
835	314
835	310
834	314
833	319
833	311
830	315
830	311
828	316
831	306
827	310
827	305
824	308
825	301
822	305
822	301
820	305
821	298
818	301
819	297
816	300
817	294
814	298
814	294
812	300
814	289
812	292
810	296
811	293
808	296
809	288
806	293
806	288
804	293
805	286
802	291
802	286
800	291
801	282
798	287
798	283
796	288
797	279
795	283
795	279
792	283
793	276
790	278
790	275
788	281
788	284
789	276
786	280
786	275
784	280
785	272
782	276
782	274
780	278
782	267
778	271
778	266
776	271
777	264
774	268
774	264
772	269
773	262
770	265
770	262
768	266
769	261
766	263
766	267
766	264
764	269
773	327
776	327
776	318
774	319
775	308
772	309
772	303
770	305
771	295
768	298
768	291
766	294
767	286
764	288
764	282
761	286
763	274
760	278
759	273
758	276
758	268
756	271
755	274
756	270
753	273
754	265
752	268
752	264
750	268
750	260
747	264
747	261
745	264
747	254
743	257
744	253
741	258
742	249
739	252
739	249
737	254
738	245
736	249
736	244
734	248
734	253
734	244
732	248
731	245
729	249
731	239
727	241
727	238
725	242
726	233
723	238
723	235
721	239
722	232
720	236
719	231
717	237
718	229
715	233
716	229
713	234
716	226
712	230
712	233
712	228
709	233
710	225
707	227
707	224
705	228
706	221
703	224
704	220
701	226
702	218
699	222
699	218
697	222
698	212
695	216
695	212
693	217
694	209
691	213
691	211
689	214
690	207
688	211
687	216
687	211
685	216
686	208
683	212
683	210
681	214
682	206
679	209
680	205
677	210
678	201
675	205
675	201
673	207
674	198
671	202
672	200
669	204
670	196
667	200
667	197
666	201
665	207
666	196
663	199
663	197
661	200
662	192
659	197
659	193
657	198
658	191
655	194
655	191
653	197
654	189
651	193
651	190
649	194
656	237
658	238
658	231
656	233
656	223
654	225
654	229
653	221
651	225
652	216
649	217
650	213
648	215
648	208
646	211
646	206
643	210
644	200
641	202
641	198
639	202
640	193
637	197
637	194
635	197
636	190
633	194
633	189
631	194
631	198
632	189
629	193
629	190
627	194
628	185
625	189
626	185
623	188
624	181
621	184
621	181
619	184
620	178
617	181
617	178
615	183
616	174
613	178
614	175
611	179
612	170
609	174
609	170
608	175
607	179
608	171
605	175
605	172
603	176
604	169
602	171
601	169
599	173
600	166
597	170
597	167
595	172
598	165
593	167
593	163
592	167
592	160
590	164
590	160
587	165
589	158
587	161
585	166
586	163
583	166
584	159
581	164
581	159
579	165
580	155
577	158
577	155
575	160
576	152
573	157
573	153
571	157
572	152
569	155
569	152
567	157
568	149
565	154
565	151
563	155
563	160
564	151
561	155
561	153
559	156
560	148
557	153
557	149
555	154
557	146
553	150
553	147
552	152
552	144
549	150
550	147
547	150
548	141
545	145
545	142
543	147
544	140
541	144
541	149
542	146
539	150
540	143
538	147
537	144
535	148
536	141
533	146
533	143
531	148
513	0
475	0
475	0
474	0
473	0
474	0
472	0
471	0
471	0
469	0
469	0
470	0
467	0
467	0
466	0
465	0
466	0
463	0
463	2
463	3
461	10
462	5
459	11
459	20
459	19
457	27
457	23
455	31
455	30
454	38
452	45
454	40
451	45
451	46
449	52
449	47
448	53
447	59
447	58
444	64
446	58
443	63
443	62
442	68
441	73
442	67
439	72
439	70
437	76
438	70
436	74
435	80
435	78
433	83
434	76
431	82
431	87
431	85
429	90
430	81
427	84
427	83
425	87
425	93
425	86
423	91
422	88
420	93
421	85
419	91
419	96
419	93
417	98
418	92
415	96
415	93
414	97
413	103
415	95
411	98
411	95
409	100
410	94
407	98
407	95
406	99
405	105
406	98
403	101
403	99
401	103
401	96
399	101
399	99
398	104
397	108
398	100
395	104
395	101
392	106
393	101
391	105
390	103
388	108
390	100
386	105
387	103
385	107
385	101
383	107
383	104
380	109
382	101
379	105
379	104
377	108
377	101
376	106
375	111
375	108
373	113
374	106
371	110
371	108
369	112
370	106
367	110
367	108
365	113
366	103
362	108
363	106
360	110
361	104
359	108
358	105
356	111
357	105
354	108
354	107
354	112
352	116
353	110
351	114
350	110
348	115
356	160
357	160
357	155
355	157
355	148
353	149
353	145
351	148
352	139
349	142
349	137
347	141
347	134
345	137
344	133
343	137
344	127
340	130
341	134
341	130
338	134
339	127
336	131
337	128
334	131
335	124
333	128
333	124
331	128
331	121
329	126
329	122
326	127
327	119
325	124
325	120
323	125
323	117
320	121
321	119
318	124
319	128
320	120
317	125
317	121
315	125
316	118
313	122
313	120
311	124
311	114
309	120
309	117
306	121
307	115
305	118
304	116
302	121
304	114
301	117
301	115
299	120
299	114
296	118
297	115
296	120
294	125
298	117
293	120
293	117
291	122
292	115
288	120
289	117
287	122
288	114
285	118
285	115
283	120
284	114
281	118
281	115
279	121
280	111
276	115
277	113
275	117
275	111
274	116
273	121
272	117
270	122
272	115
268	119
269	117
267	121
268	114
265	119
265	116
262	120
264	113
261	118
261	115
258	120
260	113
257	117
257	116
255	119
256	112
253	116
253	114
251	119
251	124
252	116
249	121
249	118
247	122
248	113
244	117
245	115
242	120
243	113
241	117
241	115
239	119
240	112
237	117
237	114
235	119
236	113
232	117
233	114
231	119
239	178
242	180
242	180
243	173
240	174
241	164
239	166
239	160
236	162
237	153
235	155
234	151
232	154
233	145
230	149
231	145
228	148
230	137
226	141
227	137
224	141
224	133
222	136
222	134
220	138
221	130
219	134
218	138
219	134
216	138
217	131
214	134
214	131
212	136
214	128
210	131
210	129
209	133
209	126
206	129
206	127
204	130
205	124
202	127
202	124
201	129
201	123
199	126
199	123
196	128
197	133
197	123
195	127
194	123
192	128
193	122
190	126
190	123
188	127
189	120
186	124
186	122
184	126
185	120
183	124
182	122
180	125
184	119
179	122
179	120
176	124
177	117
175	122
175	127
175	124
172	128
174	120
171	124
171	122
169	126
169	119
166	124
166	121
165	126
166	116
162	120
163	118
160	122
161	116
158	120
158	118
156	123
157	116
154	120
155	117
153	121
153	115
151	120
151	125
151	122
148	126
150	118
147	123
147	120
145	125
145	118
142	122
143	120
141	124
142	116
139	120
139	118
137	123
137	116
135	121
135	118
133	123
134	113
130	119
131	116
130	120
128	125
129	118
127	123
127	120
125	124
126	116
123	122
123	119
121	124
121	117
119	121
119	118
116	123
123	164
125	165
125	159
122	161
123	151
121	154
121	149
119	152
119	143
117	146
117	149
117	144
114	147
115	140
113	143
112	139
111	143
112	133
109	136
109	133
107	136
107	129
105	133
105	130
102	133
103	126
101	130
100	127
99	131
99	124
98	128
96	133
96	128
95	131
96	123
93	126
93	124
92	128
90	131
91	124
89	127
89	124
87	127
87	132
88	124
85	127
85	123
83	127
84	119
80	123
81	128
80	124
78	128
80	118
77	122
77	119
74	123
75	127
75	120
72	124
73	120
71	123
71	116
70	120
69	124
69	120
66	124
67	117
65	121
64	118
64	122
63	125
65	118
61	121
61	119
59	122
60	115
58	118
57	124
57	119
54	123
55	115
53	120
53	116
52	120
51	124
51	117
49	121
49	118
47	122
47	126
48	115
44	118
45	115
42	119
43	113
41	117
40	122
41	118
39	122
40	113
37	117
37	114
35	118
35	123
35	115
33	119
32	115
30	119
32	111
30	115
29	120
29	117
27	120
28	113
25	116
25	113
24	118
23	121
24	114
21	118
21	114
18	117
19	110
18	115
16	119
16	116
14	120
16	110
12	113
13	110
12	114
11	118
12	112
9	115
8	111
8	116
7	118
7	110
5	113
5	117
5	113
2	117
3	109
2	113
1	116
1	112
0	115
0	119
0	123
0	133
0	136
2	138
1	152
4	154
4	155
4	163
6	166
5	179
7	179
8	180
7	188
10	187
9	198
11	198
12	198
12	204
14	204
13	217
16	216
16	215
15	221
18	220
17	230
20	228
20	234
21	232
22	231
21	241
24	239
24	244
26	242
26	251
27	248
28	246
28	252
30	250
29	259
32	256
32	261
33	258
34	256
33	265
36	262
36	267
38	264
37	273
38	270
40	267
40	272
42	270
41	277
44	274
44	271
44	276
46	273
45	284
48	281
48	285
50	282
50	278
49	286
52	283
52	287
54	285
54	293
56	290
56	286
56	290
58	287
58	295
60	292
60	296
61	292
62	289
59	296
64	294
64	298
66	295
65	303
67	300
68	296
68	299
71	296
69	304
72	302
72	305
73	302
74	298
73	305
76	302
76	306
78	303
77	312
79	309
80	305
80	309
82	305
81	312
84	309
84	305
84	309
86	306
85	314
88	311
88	314
90	310
90	307
90	315
92	312
93	315
94	311
93	319
96	315
96	311
96	315
98	312
97	319
100	316
100	319
102	315
101	321
104	319
104	321
106	317
106	312
105	319
108	316
108	320
110	316
109	325
112	321
112	324
114	319
114	326
116	322
116	325
118	322
117	329
120	325
120	328
122	323
121	330
124	325
124	328
126	325
119	283
118	282
118	288
119	287
120	286
119	295
122	293
122	297
124	296
123	304
126	302
126	306
128	304
128	311
130	308
130	312
132	309
131	319
134	315
134	319
136	315
136	322
138	319
138	322
140	319
139	327
141	322
142	318
142	322
144	318
143	325
146	323
146	325
148	322
147	330
150	325
150	329
152	324
151	331
154	328
154	331
156	326
155	335
158	331
158	334
160	330
159	336
162	332
162	335
164	331
164	326
163	337
166	333
166	336
168	332
168	338
170	334
170	337
172	333
172	340
174	336
174	339
176	335
175	342
178	337
178	340
180	336
177	344
182	339
182	342
184	338
183	345
186	340
186	336
186	339
188	335
187	343
190	338
190	341
192	337
191	345
194	340
194	343
196	339
195	349
198	344
198	347
200	342
199	350
202	345
202	347
204	343
203	351
206	346
206	349
208	345
207	351
209	347
210	342
210	345
212	341
211	349
213	345
213	348
216	344
215	351
217	346
218	349
220	344
219	352
222	348
222	351
224	346
223	353
226	349
226	352
228	347
227	356
230	352
229	355
231	350
232	345
231	353
234	349
234	351
236	347
235	354
238	350
238	353
239	349
239	356
242	352
242	355
244	351
236	291
232	290
232	297
234	297
233	307
236	305
236	311
238	310
237	319
240	317
240	313
239	318
242	317
241	325
244	322
244	326
246	324
245	334
248	332
248	334
250	332
249	339
252	335
252	338
254	335
253	343
256	340
256	343
258	340
257	347
260	343
260	346
262	342
261	350
263	346
264	342
263	345
266	342
265	349
268	345
268	349
270	344
269	352
272	349
271	351
274	347
273	355
276	350
276	354
278	350
277	359
280	354
280	358
282	353
281	359
284	355
284	358
285	354
286	350
285	357
288	353
288	357
290	352
289	359
292	355
292	358
294	354
291	361
296	358
296	361
298	357
297	363
300	358
300	362
302	357
301	364
304	360
304	363
306	359
305	366
308	361
308	356
308	360
310	356
309	366
312	361
312	364
314	359
313	367
316	362
316	365
318	360
317	368
320	364
320	366
322	362
321	369
324	365
324	368
326	363
324	371
328	367
328	369
330	364
330	360
329	367
332	363
332	367
334	361
333	370
336	365
335	367
338	363
337	370
340	366
340	370
342	365
341	374
344	370
344	373
346	368
345	374
348	370
348	373
350	368
349	376
352	372
352	375
353	370
354	366
353	372
356	368
356	372
358	367
352	326
350	324
350	330
352	329
352	337
354	335
354	340
356	337
355	345
358	343
358	347
360	344
359	352
362	349
362	353
364	349
363	360
365	355
366	351
366	356
368	352
367	360
370	356
370	359
372	356
371	363
374	359
374	363
377	360
376	367
378	363
378	366
380	363
379	370
382	366
382	368
384	364
383	372
386	367
386	371
388	366
388	363
387	371
390	367
390	369
392	365
392	373
394	368
394	371
396	368
395	378
398	373
398	376
400	372
400	378
403	374
403	377
404	372
403	381
407	376
406	379
408	375
408	381
410	377
410	373
411	376
412	372
410	380
414	376
414	379
416	375
416	381
418	377
418	380
421	375
419	382
422	378
422	381
424	377
424	384
427	379
426	382
428	379
427	388
431	383
430	386
432	381
432	388
433	383
434	379
434	381
436	378
436	386
439	381
438	383
441	380
440	387
442	382
443	386
445	382
443	390
446	385
446	387
448	382
448	390
450	385
450	388
453	384
452	391
454	387
454	390
455	385
456	381
456	388
459	384
458	386
461	383
460	392
463	388
463	391
465	386
464	394
467	389
467	391
469	387
468	395
471	391
471	394
473	389
472	396
475	392
475	395
477	390
496	664
532	654
533	632
532	621
535	604
534	599
537	585
537	579
539	565
538	564
541	552
541	548
543	537
542	538
545	528
545	526
547	517
546	521
549	512
549	510
551	503
550	504
553	496
553	496
555	489
554	493
555	485
557	478
556	479
559	472
558	476
561	470
561	471
563	465
561	472
564	465
564	465
566	459
566	465
569	460
569	460
571	455
569	460
572	455
572	456
575	451
574	457
576	451
577	453
577	448
579	443
578	452
580	446
580	448
583	443
582	450
585	445
585	447
587	442
586	449
589	444
589	446
591	441
590	448
593	444
593	446
595	442
592	448
597	444
597	446
599	441
598	447
601	442
601	437
601	440
603	437
602	442
604	438
604	441
607	436
606	443
608	439
608	441
610	438
610	447
613	442
613	446
615	440
614	447
617	442
617	445
619	441
618	448
621	443
621	446
623	442
622	437
622	445
625	440
625	444
627	441
625	447
628	443
629	446
631	441
630	449
633	444
632	447
635	443
634	451
636	445
636	449
639	445
638	452
640	448
641	451
643	447
642	457
645	452
644	454
645	450
647	446
646	454
649	450
649	452
651	449
650	457
653	452
653	455
655	451
654	459
657	454
657	459
659	454
652	413
651	411
651	418
653	415
652	423
655	421
655	426
657	423
656	431
657	429
658	426
659	429
661	427
660	436
663	433
663	438
665	434
664	444
667	441
667	445
669	441
668	449
671	445
671	449
673	447
672	453
675	449
674	454
677	450
676	458
679	455
679	457
681	455
681	451
679	459
683	456
683	459
685	455
684	464
687	458
687	461
689	458
688	467
691	462
690	466
693	462
692	470
694	466
695	470
697	467
695	477
699	473
699	476
701	471
700	479
703	475
703	470
703	474
705	471
704	479
707	476
707	479
709	475
708	484
711	480
711	483
713	480
710	487
715	484
715	488
717	482
716	491
719	486
719	489
721	486
720	493
723	488
723	491
724	488
724	495
726	491
727	487
727	491
729	488
728	498
731	495
731	496
733	493
732	500
735	496
735	500
737	497
736	504
739	500
739	503
741	499
740	508
743	503
743	507
745	504
744	512
747	508
747	510
748	506
749	502
748	510
751	505
751	509
753	505
752	513
755	510
755	512
757	509
756	517
759	512
759	516
761	512
760	523
763	519
763	522
765	517
765	526
767	521
767	524
769	521
768	528
771	523
771	520
771	524
773	519
772	528
776	525
775	529
777	525
769	465
766	464
765	470
768	468
767	479
770	477
770	483
772	482
770	490
774	488
773	492
775	490
775	501
778	495
777	501
780	498
779	495
779	506
782	503
782	507
784	504
783	512
786	508
785	513
788	509
787	518
790	515
789	519
792	515
791	523
794	520
794	524
796	520
794	530
797	526
797	528
800	525
799	533
802	528
801	531
803	528
803	524
802	532
806	527
805	531
807	529
807	536
809	532
809	537
812	533
810	543
814	539
813	541
816	537
815	545
818	541
817	545
820	541
819	549
822	545
821	548
824	544
823	553
826	548
826	543
826	548
828	543
825	552
830	549
830	551
831	548
831	553
834	549
833	553
836	550
834	556
837	552
837	556
839	552
839	559
842	555
841	559
844	555
843	565
846	561
846	563
848	559
847	555
847	562
850	557
849	561
852	558
851	565
853	560
854	564
856	562
855	569
858	564
858	568
860	564
859	573
861	568
861	570
864	566
863	573
866	569
865	573
868	567
866	575
869	571
870	573
870	569
872	565
871	573
873	570
874	573
876	569
874	581
878	575
878	578
880	574
879	581
882	576
882	580
884	576
883	584
886	579
886	583
888	579
888	586
890	582
890	588
893	581
885	540
883	539
884	536
884	541
886	539
886	548
888	545
888	550
890	547
889	557
892	552
891	556
894	554
893	562
896	558
896	564
898	560
897	571
900	566
900	570
902	567
901	575
904	570
904	575
906	570
906	566
905	575
908	570
907	574
910	571
909	580
912	575
912	580
914	576
912	587
916	581
915	583
918	579
917	587
920	582
920	585
922	582
921	589
924	585
924	588
925	586
925	592
928	589
928	584
928	588
930	585
929	596
932	591
932	594
934	589
933	597
936	594
936	596
938	592
937	600
940	596
940	599
942	596
942	603
945	598
944	602
946	599
943	607
948	603
948	606
950	602
949	609
951	604
952	600
952	602
954	598
953	605
956	601
956	605
958	600
957	608
960	607
960	608
962	605
961	615
964	609
964	612
966	609
965	615
968	611
968	615
971	611
969	619
972	614
972	617
973	613
974	609
973	616
976	612
976	617
979	613
977	623
980	618
980	620
982	616
982	623
984	619
984	622
987	618
986	626
988	621
988	624
990	620
989	629
992	624
992	627
994	623
993	636
997	629
996	625
996	629
998	624
998	632
1001	628
1000	630
1003	628
1001	634
1005	637
1007	633
1006	639
1009	635
1009	639
1011	635
1010	620
1008	617
1008	602
1006	597
1005	587
1003	585
1005	572
1001	571
1002	560
999	560
1000	549
997	547
998	540
995	541
997	526
993	528
993	519
991	520
992	511
989	510
989	504
986	506
988	496
985	498
985	491
983	494
983	486
982	487
981	488
981	483
978	486
980	475
977	476
977	470
975	472
976	463
973	465
973	461
971	462
972	454
968	457
969	450
967	453
968	445
965	447
965	443
963	447
964	435
961	438
961	433
959	436
959	442
959	430
956	433
957	430
954	432
956	424
953	428
953	423
951	427
951	418
949	421
948	419
946	422
949	413
945	415
945	409
943	413
944	404
940	407
940	401
938	406
940	398
937	402
937	406
937	401
934	406
936	396
933	399
933	395
930	400
932	389
928	392
929	387
927	391
928	384
924	386
924	383
922	386
923	380
921	382
920	377
918	383
919	375
916	378
917	375
914	380
916	371
914	376
913	377
913	372
910	377
911	368
908	372
909	367
906	372
908	364
905	367
905	363
902	367
903	359
900	363
900	361
898	364
900	354
896	358
897	353
894	357
895	349
892	353
892	350
891	353
890	357
891	352
888	354
889	350
887	354
887	346
884	350
885	346
882	351
890	393
891	393
891	387
889	389
889	377
886	378
887	374
885	375
885	365
883	368
883	362
881	366
881	357
879	359
878	363
879	358
877	361
878	350
874	352
875	347
872	352
873	342
870	345
870	342
868	346
869	337
866	340
866	336
864	342
865	333
862	336
862	333
860	336
862	327
859	332
859	326
856	330
857	334
857	325
854	329
854	324
852	329
853	322
851	325
851	320
848	323
849	316
846	319
846	315
844	321
846	312
842	314
843	310
840	314
841	306
838	310
839	307
836	311
837	304
835	307
834	304
834	308
832	312
833	305
830	310
830	304
828	309
831	302
827	303
827	299
824	303
825	295
822	299
822	295
820	299
821	292
818	294
819	291
816	296
817	288
814	292
815	289
812	294
814	283
811	287
810	290
810	288
808	290
809	282
806	287
806	283
804	288
805	281
802	283
802	281
800	285
801	276
798	281
798	278
796	282
797	275
794	277
795	273
792	278
793	270
790	273
790	270
788	275
788	279
789	271
786	273
786	272
784	275
785	267
782	272
782	267
780	272
781	262
778	266
778	262
776	267
777	259
774	264
774	260
772	263
773	258
770	261
770	257
768	262
769	255
766	258
767	263
766	260
764	264
773	322
776	322
776	315
774	314
775	303
772	305
772	299
770	301
771	290
768	293
768	287
766	289
766	280
764	284
764	278
761	282
763	271
760	272
760	268
758	272
758	262
756	266
755	269
755	266
753	270
754	261
752	264
751	261
749	264
750	256
747	259
747	255
745	260
747	250
744	253
744	250
741	254
742	245
739	249
740	244
737	249
738	242
736	244
736	240
734	245
733	248
734	241
732	244
731	240
729	246
731	235
727	238
727	235
726	238
726	231
723	235
723	231
721	235
722	228
720	232
720	228
717	232
718	225
715	230
715	226
713	230
716	223
712	225
712	229
712	225
709	229
710	221
707	224
707	221
705	225
706	217
703	221
704	217
702	221
702	213
699	218
699	214
697	219
698	209
695	213
695	210
693	213
694	206
691	209
691	207
689	211
690	204
688	208
687	212
687	209
685	213
686	206
683	209
683	207
681	212
682	202
679	206
679	202
677	206
678	199
675	202
675	199
673	204
674	196
672	199
671	197
669	201
670	194
667	198
667	194
666	199
665	203
667	193
663	197
663	193
661	197
662	192
659	194
659	190
657	196
658	188
655	193
655	189
653	193
654	186
651	190
651	186
649	193
656	235
658	235
658	230
656	230
656	220
653	223
654	225
653	219
651	223
653	213
649	216
649	210
648	213
648	206
645	208
645	204
643	208
644	197
641	199
641	196
639	200
640	191
637	195
637	192
635	196
636	187
633	191
633	188
631	191
631	195
632	187
629	191
629	188
627	192
629	183
625	187
626	182
623	186
624	179
621	182
621	178
619	184
620	176
618	180
617	175
615	180
616	172
613	176
613	173
611	178
612	168
609	172
609	168
608	172
607	177
608	169
605	173
605	170
603	174
604	167
601	172
602	167
599	171
600	165
597	168
597	165
595	170
598	161
593	165
594	162
592	165
592	159
589	163
590	159
587	164
588	156
587	160
586	164
586	160
583	164
584	158
581	162
582	158
579	162
580	153
577	157
577	154
575	158
576	151
573	155
573	152
571	157
572	149
569	154
569	151
566	154
567	149
565	152
565	149
563	154
563	160
564	150
561	154
562	151
559	154
560	147
557	151
557	148
555	152
556	146
553	149
553	146
551	151
552	144
549	148
550	145
547	149
548	140
545	144
546	140
543	146
544	140
541	143
541	147
541	144
539	149
540	142
537	145
538	142
535	147
536	140
533	145
533	143
531	146
512	0
475	0
475	0
474	0
473	0
474	0
472	0
471	0
471	0
469	0
469	0
470	0
467	0
467	0
466	0
465	0
466	0
463	0
463	2
463	1
461	10
462	3
459	10
459	18
459	19
457	27
457	23
455	30
455	29
454	36
452	44
454	39
451	45
451	45
449	51
450	47
448	52
447	58
447	57
445	63
446	58
443	63
443	60
442	66
441	72
442	66
439	72
439	70
437	76
438	69
436	74
435	80
435	76
433	82
434	76
431	81
431	87
431	84
429	89
430	80
427	85
427	82
425	87
425	93
426	86
423	90
423	87
421	92
422	84
419	91
419	96
419	92
417	98
417	91
415	94
415	92
414	97
413	103
416	96
411	98
411	95
409	100
410	94
407	98
407	95
406	99
405	104
406	96
403	100
403	99
401	103
402	96
399	101
399	100
397	104
398	95
396	99
395	103
395	101
393	107
393	99
390	103
391	101
389	108
390	99
387	104
387	101
385	107
385	100
384	105
383	110
383	107
380	113
382	105
379	108
379	106
377	111
378	104
375	109
375	106
372	110
374	104
371	108
371	105
369	111
369	104
367	109
367	106
365	111
366	102
363	107
362	104
360	108
360	114
361	107
358	112
358	109
357	113
357	107
354	112
355	108
353	113
353	106
351	111
351	109
348	113
356	157
357	159
357	152
355	154
356	145
353	147
353	143
351	146
351	137
349	140
349	144
349	140
347	143
347	135
345	138
345	135
343	138
344	128
341	132
341	128
338	132
339	125
337	128
336	125
334	129
335	122
332	125
332	122
330	127
331	120
328	124
329	121
326	126
328	118
326	122
325	126
325	123
323	127
323	120
320	124
321	121
318	126
319	118
317	122
317	119
314	123
315	117
313	121
312	118
311	123
312	114
308	117
309	115
306	119
307	112
305	118
305	115
304	119
303	125
304	117
301	121
301	119
299	122
299	115
296	121
297	117
294	122
297	116
293	118
293	116
291	120
292	113
289	118
289	115
287	119
287	112
285	117
285	114
283	119
283	113
281	117
281	122
281	119
279	123
280	113
276	118
277	116
274	120
275	113
272	118
273	115
270	119
272	112
269	116
269	114
267	119
267	113
264	117
265	115
262	119
263	112
261	116
261	113
258	118
259	123
259	116
256	119
257	117
255	122
255	115
253	119
253	116
250	120
251	115
249	118
249	116
247	121
248	111
245	116
245	113
243	117
243	112
240	116
241	113
238	118
239	111
237	116
236	113
236	118
235	122
235	116
233	120
233	117
231	122
239	181
243	182
242	174
240	175
241	165
238	166
239	161
236	163
237	154
235	156
234	151
232	154
233	146
230	148
230	145
229	148
229	137
226	140
226	145
226	140
224	144
225	136
222	139
222	136
220	140
221	131
218	136
218	133
216	136
217	130
214	134
214	130
212	134
214	126
210	130
211	128
209	131
209	124
206	128
207	126
204	130
204	134
206	126
202	130
203	127
201	131
201	124
198	128
199	126
196	130
198	120
194	125
195	122
192	126
193	119
190	124
190	121
188	126
189	119
187	122
187	121
184	125
185	118
182	122
183	119
181	124
180	129
184	122
179	126
179	123
177	127
177	120
174	124
175	121
172	125
173	117
171	122
171	119
169	125
169	118
166	122
167	119
165	124
166	114
162	119
162	117
160	121
161	115
160	120
158	124
158	121
156	125
157	118
154	122
154	120
153	124
153	117
150	121
151	119
148	124
150	117
147	121
147	118
145	123
145	117
142	120
143	118
141	123
142	116
139	119
139	117
137	122
137	126
138	119
134	123
135	120
133	125
134	116
131	120
131	118
128	122
129	116
127	119
127	117
124	121
126	115
123	119
123	116
121	121
121	114
118	118
119	117
117	121
124	162
125	164
125	166
125	159
123	161
124	152
120	153
121	150
119	152
119	142
117	146
117	143
115	145
115	137
113	140
113	136
110	140
112	130
109	134
108	131
107	135
107	128
104	131
105	128
102	133
103	125
102	129
101	133
100	129
99	134
99	126
97	129
96	126
95	129
96	122
94	126
93	130
93	126
90	129
91	122
89	125
89	122
88	127
87	131
88	122
85	125
85	122
83	125
84	118
82	122
80	127
80	123
78	127
80	116
77	120
77	125
77	122
75	126
75	119
73	122
73	118
71	122
71	126
71	118
68	122
69	119
66	123
67	115
64	119
64	123
65	120
63	124
65	117
61	120
61	117
60	121
59	124
60	116
57	120
57	118
54	122
55	114
54	118
53	122
53	118
51	122
51	115
49	119
49	116
48	120
47	124
48	114
44	117
45	114
42	119
43	112
42	116
41	121
41	116
38	120
40	112
37	116
37	121
37	117
35	120
35	113
33	117
32	113
30	117
30	122
32	115
29	118
29	115
27	118
27	111
24	115
25	119
25	116
23	119
24	112
21	115
21	112
20	116
19	120
19	113
17	117
17	114
15	117
16	107
14	111
13	116
13	113
11	117
12	110
9	114
9	117
9	113
6	116
7	109
6	111
5	115
5	111
3	115
2	118
3	111
1	113
1	110
0	113
0	117
0	121
0	123
0	134
1	137
2	140
1	152
3	155
4	156
4	165
6	167
5	179
7	180
8	179
8	187
10	188
9	199
11	198
12	198
12	205
14	205
13	217
16	217
15	214
16	221
18	220
17	230
20	228
20	235
21	232
22	230
21	240
25	239
24	244
26	242
25	250
27	248
28	246
28	251
30	248
29	258
32	256
31	261
32	258
34	256
33	264
36	262
36	266
38	263
37	273
38	270
40	267
39	272
42	268
41	277
44	274
44	271
44	276
46	273
45	283
48	281
48	284
50	281
50	278
49	286
52	284
52	287
54	284
53	292
56	289
56	286
56	290
59	287
58	295
60	291
60	295
61	291
62	288
59	296
64	294
63	298
66	295
65	302
66	298
68	295
67	299
70	296
69	305
72	301
72	305
73	300
74	298
73	305
76	302
76	306
79	303
77	312
79	308
80	304
80	308
82	304
81	312
84	309
84	306
84	309
86	305
85	313
88	311
88	314
90	310
90	306
90	314
92	311
92	314
94	311
93	318
95	315
96	311
96	315
98	312
97	319
100	315
100	318
102	315
101	322
104	318
104	321
106	317
106	312
105	319
108	315
108	319
110	315
109	324
112	320
112	324
114	319
114	326
116	322
116	324
118	321
117	328
120	324
120	327
122	322
122	329
124	325
124	328
126	324
119	283
118	281
118	288
119	287
120	285
120	294
122	292
122	297
124	295
123	304
126	301
126	306
128	303
127	311
130	308
130	311
132	309
132	319
134	315
134	319
137	315
136	322
138	319
138	322
140	317
140	326
141	322
142	318
142	321
144	318
143	325
146	322
146	325
148	321
147	329
150	325
150	328
152	324
151	331
154	328
154	331
156	327
155	334
158	330
158	333
160	329
160	336
162	331
162	335
164	331
164	326
163	336
166	332
166	335
168	332
167	338
171	334
170	337
172	332
171	340
174	335
174	338
176	335
175	342
178	337
178	340
180	336
178	343
182	339
182	341
184	338
183	345
186	340
186	335
186	339
188	335
187	342
190	338
190	341
192	337
191	344
194	340
194	343
196	339
195	349
198	344
198	347
200	342
199	349
202	344
202	347
204	342
203	351
206	346
206	349
208	344
207	350
209	346
210	342
210	345
212	340
210	349
214	345
214	348
215	343
215	350
218	346
218	349
220	344
219	351
221	347
222	351
224	346
223	352
226	349
226	352
228	347
227	356
230	352
230	354
231	350
232	345
231	352
234	349
234	352
236	347
235	355
238	350
238	353
240	349
239	355
242	351
241	355
244	350
236	290
232	289
232	296
234	296
233	307
236	305
236	310
238	309
237	319
240	316
239	313
240	319
242	316
241	324
244	321
244	326
246	323
245	334
248	331
248	334
250	331
249	338
252	335
252	338
255	335
253	343
256	340
256	343
258	338
258	347
260	343
260	346
262	342
261	350
262	345
264	342
264	344
266	341
265	348
268	345
268	348
270	344
269	351
271	347
271	351
274	346
273	354
276	351
276	353
278	349
277	359
280	353
280	357
282	353
281	359
284	355
284	358
285	353
286	350
285	357
288	353
288	356
290	352
290	359
292	354
292	358
295	355
291	361
296	358
296	361
298	356
297	363
300	359
300	360
302	357
301	365
304	359
304	363
306	359
305	364
308	361
308	356
308	359
310	356
309	365
312	360
312	364
314	359
313	367
316	362
316	365
318	360
317	368
320	363
320	366
322	362
321	369
324	365
324	367
326	363
325	371
327	366
328	369
330	364
330	359
329	367
332	362
332	366
334	360
333	369
336	364
335	368
338	363
337	370
340	366
341	369
342	365
341	374
344	370
344	372
346	368
345	374
348	370
348	372
350	368
349	375
352	371
352	375
353	369
354	365
354	372
356	368
356	372
358	367
351	324
350	323
350	329
352	328
351	337
354	335
354	339
356	337
355	345
358	342
358	346
360	344
359	352
362	349
362	352
364	350
363	359
365	355
366	351
366	355
369	352
368	359
370	355
370	359
373	356
371	363
374	360
374	363
376	358
375	367
379	363
378	365
380	362
379	370
382	367
382	369
384	364
383	371
386	368
386	370
388	367
388	362
387	370
390	367
390	368
392	365
391	372
394	367
394	372
396	366
395	376
399	374
398	376
400	372
400	379
402	373
402	377
405	372
404	379
406	375
406	378
408	374
408	381
411	377
410	372
410	376
413	372
410	379
414	376
414	378
416	374
416	381
418	376
418	380
420	375
419	382
422	378
422	380
424	377
424	385
426	378
426	382
429	378
427	387
431	384
431	386
432	380
432	388
434	383
434	377
434	382
437	377
435	385
438	380
438	383
440	379
440	387
443	382
442	385
445	381
444	389
446	384
446	387
449	382
448	390
450	385
451	387
453	383
451	390
455	386
454	389
455	384
457	380
456	387
458	383
458	387
461	383
459	392
463	387
463	390
465	386
464	393
467	388
467	393
469	387
468	394
471	389
471	393
473	389
472	395
475	391
475	394
477	391
496	664
533	654
532	630
532	621
535	603
534	598
537	584
537	578
539	565
538	563
541	552
540	547
543	537
542	538
544	527
544	526
547	516
545	521
548	512
549	510
551	502
550	505
553	496
552	495
555	488
554	492
555	486
557	477
557	478
559	471
558	476
561	470
561	471
563	464
561	470
565	464
564	464
567	459
566	464
569	458
568	460
571	454
570	460
572	454
572	455
574	449
574	457
577	451
576	453
577	447
579	441
577	452
581	446
581	446
583	442
582	449
585	443
585	446
587	441
586	447
589	443
589	445
591	441
590	446
593	441
593	445
595	440
592	447
597	442
597	445
599	440
598	446
601	441
600	436
601	439
603	434
601	441
605	437
604	439
606	436
606	443
608	437
608	440
610	437
609	446
612	441
613	444
614	440
614	446
617	441
617	443
619	439
618	447
621	442
620	443
623	440
623	436
622	444
625	441
625	443
627	439
625	448
629	442
628	444
631	440
630	447
633	441
632	445
635	441
633	449
636	444
636	447
638	443
638	451
641	446
640	450
643	445
642	455
645	451
644	453
646	449
647	444
646	451
649	448
649	450
651	447
650	455
653	451
653	454
655	450
654	457
657	452
657	457
659	452
652	412
651	408
651	415
653	413
652	422
655	419
655	424
657	422
656	429
657	426
659	423
658	429
660	425
660	434
663	431
662	435
665	433
664	442
667	439
667	443
669	439
668	447
671	444
671	447
673	444
672	453
675	448
674	451
677	448
676	456
679	452
679	456
681	453
681	449
680	458
683	454
683	458
684	453
684	461
687	457
686	460
689	457
688	465
690	460
691	464
693	460
692	466
695	465
695	468
697	464
695	475
699	470
699	473
701	470
700	476
703	472
703	468
703	471
705	468
704	476
707	472
707	477
709	473
708	479
711	477
711	480
713	476
710	484
715	480
715	484
717	480
716	487
719	483
719	486
721	482
720	489
723	484
722	487
725	484
724	492
726	488
727	484
727	488
729	486
728	495
731	490
731	495
733	490
732	496
735	493
735	496
737	493
736	501
739	496
739	501
741	496
740	504
743	500
743	502
745	499
744	509
747	504
747	508
748	501
749	499
748	506
752	501
751	506
753	503
752	509
755	505
754	509
757	504
756	513
759	510
759	512
761	508
760	520
763	515
763	519
765	513
765	521
767	517
767	521
770	516
768	524
771	520
771	515
771	520
773	515
773	524
775	520
775	524
778	521
769	461
766	458
766	466
768	464
767	474
770	473
770	478
772	477
771	487
773	483
773	489
776	486
775	494
777	492
778	497
779	494
779	492
779	503
782	498
781	502
784	499
783	509
785	504
785	509
788	506
787	514
790	510
790	514
792	510
791	520
794	516
793	519
796	517
795	525
797	521
797	525
800	520
799	527
801	524
801	528
802	523
804	518
802	527
805	524
805	527
807	524
806	533
809	528
810	532
811	528
810	539
814	535
814	537
816	532
815	541
818	537
817	540
820	538
819	543
821	540
822	544
824	538
823	547
826	543
826	538
826	543
828	540
825	546
829	545
830	547
832	542
831	549
834	545
834	548
836	545
834	552
838	547
837	550
840	546
839	554
841	549
841	553
844	552
842	560
846	555
846	559
848	553
847	548
848	557
849	552
850	556
852	553
851	559
853	557
853	559
856	555
855	564
858	560
857	562
860	559
859	567
862	562
861	565
864	560
863	569
866	563
866	567
867	563
866	570
869	565
869	569
870	564
871	561
871	568
873	564
874	568
876	564
874	575
878	571
878	573
880	568
879	576
882	572
882	575
884	571
883	578
886	574
886	578
888	574
887	582
890	577
890	580
893	577
885	536
883	532
884	531
884	536
886	534
885	542
888	539
888	546
890	543
889	551
892	548
892	552
894	549
893	558
896	553
896	559
898	555
897	566
900	563
900	565
902	561
901	571
904	566
904	569
906	566
906	561
905	569
908	566
908	570
910	566
909	575
912	571
912	576
914	571
913	581
916	576
915	578
918	574
917	581
920	578
920	581
922	576
920	583
923	582
923	583
925	579
925	587
928	582
927	578
928	582
930	579
928	590
932	585
932	589
934	585
933	592
936	587
936	593
938	587
937	595
940	590
940	595
942	591
941	597
944	594
944	597
946	593
943	602
948	599
948	600
950	597
949	604
951	599
952	595
952	598
954	595
953	601
956	596
955	599
958	597
957	603
960	599
960	604
962	599
961	611
964	606
964	607
966	604
965	610
968	607
968	609
970	606
969	613
972	611
972	612
973	606
974	604
973	612
976	608
976	612
978	609
977	618
980	613
980	615
982	613
982	619
984	614
984	618
986	613
985	620
988	617
988	620
990	615
989	624
992	619
992	624
995	619
993	629
997	625
996	620
996	623
999	618
997	626
1001	623
1001	626
1003	622
1001	631
1005	633
1007	627
1006	634
1009	629
1009	634
1011	629
1009	615
1008	611
1008	595
1005	593
1006	582
1003	580
1005	567
1001	564
1002	556
999	555
1000	542
997	543
998	535
994	536
996	522
993	521
993	514
991	515
992	505
989	505
989	500
987	501
988	491
985	494
985	487
983	490
983	480
982	483
981	484
981	479
978	481
980	471
977	470
977	466
975	467
976	458
973	461
973	455
970	459
972	449
969	451
969	446
967	449
968	440
965	443
965	439
963	442
964	431
961	434
961	430
959	432
959	436
959	426
956	429
957	425
955	429
956	420
953	423
953	419
950	422
951	415
949	416
949	412
947	418
950	408
945	408
945	405
943	408
943	400
941	403
941	398
938	402
940	394
937	396
936	402
937	396
935	399
936	392
932	394
933	390
931	395
932	384
929	386
929	382
927	386
928	379
924	382
924	378
922	383
923	374
920	378
921	374
918	378
919	370
916	374
916	371
914	376
916	367
914	369
913	374
913	369
910	373
911	365
908	368
908	364
906	367
908	361
905	364
905	359
902	364
903	357
900	359
900	356
898	361
899	349
896	353
897	350
894	353
895	346
893	349
892	346
891	351
890	354
892	347
889	351
889	347
887	351
887	343
885	346
885	343
882	348
890	389
891	389
891	382
889	383
889	374
887	375
887	368
885	372
885	363
883	363
883	359
880	362
882	352
879	356
879	358
879	355
877	358
877	346
874	349
875	343
872	347
873	339
870	342
870	337
868	342
869	334
866	338
866	333
864	337
865	329
862	333
862	329
860	333
862	324
859	327
859	322
856	326
857	331
857	322
854	325
854	323
852	325
853	318
851	321
851	316
848	321
849	313
846	317
846	314
844	318
845	307
842	312
843	307
840	312
841	304
838	307
838	304
836	309
837	302
834	305
834	301
834	305
832	311
833	301
830	305
830	303
828	307
831	299
827	301
827	295
824	301
825	291
822	295
822	292
820	296
821	288
818	293
819	287
816	291
817	285
814	288
814	285
812	289
813	279
811	284
810	288
810	283
808	288
809	280
806	283
806	280
804	284
805	278
802	280
802	277
800	281
801	274
798	278
798	275
796	280
797	272
794	275
795	270
792	274
793	268
790	271
790	268
788	272
788	276
789	269
786	273
786	268
784	273
785	265
782	268
782	266
780	271
782	260
778	263
778	261
776	264
777	256
774	260
774	258
772	261
773	254
770	258
770	255
768	260
769	252
766	256
766	261
766	256
764	262
773	321
776	320
776	312
774	313
775	301
772	302
772	296
770	298
771	288
768	290
768	284
766	288
766	278
764	281
763	276
761	279
763	268
760	271
760	266
757	269
758	261
756	264
756	268
755	263
753	267
755	260
752	261
751	257
749	261
750	253
747	257
748	253
745	257
747	248
744	251
744	247
741	251
742	242
739	246
739	243
737	247
739	238
736	242
736	239
734	242
734	246
734	237
731	242
731	238
729	242
730	233
727	236
727	233
726	237
726	228
723	232
723	228
721	233
722	226
719	229
719	226
717	232
718	224
715	227
715	223
713	228
716	220
712	223
712	227
712	223
709	227
710	219
707	224
707	217
705	224
706	215
703	219
704	215
702	219
702	211
699	216
699	212
697	217
699	208
695	210
695	207
693	212
694	203
691	208
691	205
689	209
690	203
688	207
687	211
687	207
685	211
686	203
683	208
683	204
681	208
682	201
679	205
680	201
677	204
678	197
675	200
675	197
673	202
674	195
671	198
672	195
669	200
670	192
667	195
667	193
666	197
665	201
667	191
663	194
663	192
661	196
662	188
659	193
659	189
657	193
658	187
655	190
655	187
653	192
654	185
651	188
651	185
649	191
656	234
657	233
658	227
656	229
656	219
654	221
654	224
653	218
651	221
653	212
649	214
649	210
648	212
648	203
645	207
646	202
643	206
644	196
641	198
641	194
639	197
640	190
637	194
637	189
635	193
636	186
633	189
634	186
631	190
631	194
632	187
629	189
629	185
627	190
628	181
625	185
626	182
624	184
624	177
621	181
621	177
619	181
620	173
617	176
617	175
615	178
616	170
613	176
613	172
611	176
612	167
609	170
609	166
608	171
607	175
608	167
605	172
605	169
603	174
604	166
601	169
601	166
599	171
600	163
597	167
597	165
595	170
598	162
593	164
594	160
592	165
592	157
589	161
590	157
587	162
589	154
587	160
585	163
585	160
583	164
584	156
581	160
581	157
579	162
580	152
577	156
577	152
575	157
576	150
573	154
573	151
571	155
572	148
569	153
569	150
567	154
568	147
565	152
565	148
563	153
563	158
564	150
561	153
562	149
559	153
560	146
557	151
557	147
555	152
556	143
553	148
553	145
551	149
552	142
549	147
549	144
547	149
548	139
545	143
545	141
543	144
544	138
541	142
541	146
541	143
539	148
540	140
537	145
538	142
535	146
536	139
533	143
533	140
531	146
513	0
475	0
475	0
474	0
473	0
474	0
472	0
471	0
471	0
469	0
469	0
470	0
467	0
467	0
466	0
465	0
466	0
463	0
463	1
463	1
461	9
462	2
460	9
459	17
459	17
457	24
458	20
455	28
455	34
455	34
453	42
454	37
451	43
451	42
448	48
449	55
449	50
447	56
447	55
445	62
446	55
445	61
443	67
443	63
441	69
442	64
439	70
439	67
438	73
437	78
438	72
435	77
435	75
433	80
434	74
432	79
431	84
431	82
429	87
430	78
427	82
427	80
426	86
425	90
425	84
422	87
423	85
420	92
421	96
422	89
419	94
419	91
417	96
418	88
415	93
415	98
415	95
413	100
415	93
411	96
411	94
409	98
409	103
410	96
407	100
407	98
405	103
406	96
403	99
403	96
401	101
402	95
400	99
399	104
399	102
397	107
398	97
395	101
395	98
393	103
393	98
390	101
391	99
390	104
388	108
390	102
387	107
387	103
385	108
386	102
383	106
383	104
381	109
382	101
379	107
379	104
377	108
377	101
375	107
375	103
373	108
374	101
371	106
371	104
369	109
369	113
369	107
367	111
367	109
364	113
366	104
363	108
362	106
361	111
361	103
358	108
359	107
357	111
358	104
355	109
355	106
352	111
353	104
351	109
350	107
348	112
356	155
357	157
357	150
356	153
355	155
355	145
353	148
353	144
351	147
352	138
349	141
349	136
347	140
348	132
345	135
345	132
343	135
344	126
341	130
341	125
338	130
339	123
336	126
336	123
335	127
335	119
334	125
333	128
333	125
331	130
331	122
328	126
328	123
327	127
328	119
325	123
325	120
323	124
323	118
321	122
321	119
318	123
320	116
317	120
317	117
315	121
316	114
312	119
313	116
311	121
311	126
312	116
309	120
309	117
307	122
308	114
304	119
304	117
303	122
304	114
301	119
301	116
299	120
299	113
297	118
297	115
294	120
298	113
293	116
293	114
291	118
292	112
289	116
289	121
289	118
287	123
287	115
285	118
285	116
283	121
284	114
281	119
281	116
279	120
280	111
277	115
277	112
274	117
275	111
273	115
273	113
271	117
271	111
269	115
269	112
267	117
267	110
266	115
264	120
264	117
263	121
264	115
261	118
261	115
259	120
259	112
257	118
257	115
255	119
256	113
253	117
253	114
251	119
252	112
248	116
249	115
247	118
248	110
245	114
245	112
244	117
243	121
244	114
240	118
240	116
239	120
239	112
237	118
237	116
235	120
235	113
233	117
233	114
230	120
238	179
242	180
243	173
240	172
241	163
239	164
238	160
236	161
237	152
234	154
234	157
235	153
232	154
233	146
231	149
231	146
228	148
230	138
226	141
226	137
224	141
225	134
222	137
223	134
220	138
221	129
218	133
219	131
216	134
217	128
214	130
214	128
212	133
214	125
212	129
211	133
211	130
208	133
209	127
207	131
207	127
204	132
205	124
202	127
203	125
201	129
201	122
199	127
198	123
196	128
198	119
195	123
194	120
192	124
193	118
190	123
190	119
190	124
188	129
189	121
187	125
187	122
184	126
185	120
182	124
182	121
181	125
183	119
179	122
179	119
177	124
177	117
175	121
175	119
172	123
174	116
171	120
171	118
169	123
169	116
167	120
167	126
167	122
164	126
166	117
162	121
163	118
161	123
161	116
158	120
159	118
156	123
157	115
155	120
155	116
152	122
153	115
151	120
151	117
148	121
149	114
147	119
147	116
145	120
145	125
145	119
143	122
143	119
141	124
142	117
139	121
139	118
137	123
138	116
135	120
135	117
132	122
134	114
131	118
131	115
129	120
129	113
127	118
127	115
125	120
125	113
123	117
123	115
122	120
121	124
122	118
119	121
118	118
116	122
123	165
125	165
125	159
123	161
123	151
120	154
121	148
118	151
119	141
117	146
117	140
115	144
115	137
113	140
113	137
111	140
111	129
110	134
109	138
109	133
106	137
107	131
105	134
104	130
103	134
104	126
100	130
101	127
99	130
99	123
96	127
97	124
96	128
95	131
95	123
93	126
93	123
91	127
91	120
90	124
89	128
89	124
87	127
88	119
85	122
85	127
85	124
83	128
83	120
80	123
81	120
79	124
79	128
80	118
77	122
77	119
75	122
75	115
72	118
73	123
72	120
71	123
72	116
69	120
69	116
67	120
67	124
67	117
65	121
65	117
63	121
65	114
62	117
61	121
61	118
59	121
59	115
57	118
57	116
56	120
55	123
56	115
53	119
53	116
51	120
52	113
50	116
49	120
49	117
47	120
48	111
44	115
45	120
45	117
43	120
43	112
41	116
41	113
39	117
39	122
39	113
36	117
36	113
34	117
35	111
32	115
32	119
33	116
30	119
32	111
29	115
29	112
27	116
27	120
28	113
25	117
25	113
23	116
23	109
22	113
21	117
21	114
19	118
19	111
17	114
17	111
16	115
15	118
16	110
13	113
13	110
10	113
11	107
10	111
8	115
8	111
7	114
7	118
8	110
4	112
4	109
4	112
3	116
4	108
0	111
0	115
0	111
0	114
0	118
0	121
0	131
0	135
2	136
1	150
4	152
4	155
4	163
6	164
5	177
7	178
8	178
8	186
10	186
9	196
11	197
12	197
12	203
13	203
13	215
16	215
15	213
16	220
18	219
18	229
20	227
20	232
21	230
22	229
21	239
24	238
24	243
26	241
26	250
27	247
28	245
29	250
31	248
29	257
32	255
32	260
33	256
34	254
33	263
36	260
36	265
38	263
37	272
39	269
40	266
40	270
42	267
41	275
44	273
44	270
44	275
46	272
45	282
48	279
48	283
50	280
50	278
50	285
52	282
52	286
55	283
53	291
56	288
56	284
56	289
58	286
58	294
60	290
60	293
61	291
62	287
59	295
64	293
64	297
66	294
65	301
67	296
68	294
68	298
70	295
69	303
72	300
72	304
73	299
74	296
74	304
76	301
76	305
78	301
77	311
79	307
80	303
80	307
82	304
82	311
84	308
84	304
84	307
86	305
85	312
88	309
88	313
90	309
90	306
89	313
92	309
92	312
94	309
93	317
96	314
96	310
96	314
98	311
97	318
100	314
100	317
102	313
101	321
104	316
104	319
106	316
106	312
105	318
108	314
108	318
110	314
109	324
112	319
112	322
114	319
113	325
116	320
116	323
119	319
117	327
120	323
120	325
122	322
122	328
124	324
124	327
126	323
120	281
118	281
118	287
119	286
120	284
119	294
122	292
122	296
124	294
124	304
126	301
126	305
128	302
127	310
130	307
130	311
132	307
131	317
134	314
134	317
136	314
136	321
138	318
138	321
140	318
140	324
141	321
142	317
142	320
144	317
143	324
146	320
146	324
149	321
147	328
150	325
150	327
152	323
151	330
154	326
154	329
156	325
155	333
158	329
158	332
160	327
160	335
162	330
162	333
164	330
164	325
163	335
166	331
166	334
168	331
168	337
170	332
170	336
173	332
171	339
174	335
174	338
176	334
175	341
178	337
178	339
180	335
178	342
182	338
182	341
184	337
183	344
186	340
186	334
186	337
188	334
187	342
190	337
190	340
192	336
191	343
194	339
194	342
196	338
195	347
198	343
198	345
200	340
199	348
202	343
202	346
204	341
203	349
206	345
206	348
208	343
207	350
209	345
210	341
210	344
212	340
211	349
214	344
214	347
216	342
215	348
218	345
218	348
220	343
219	351
222	347
222	349
223	345
223	352
226	347
226	351
228	346
226	355
230	351
230	353
230	349
232	344
231	351
234	347
234	351
236	346
235	354
238	349
238	352
240	348
239	355
242	350
241	354
244	349
235	289
232	288
232	295
234	295
233	306
236	304
236	310
238	308
237	318
240	316
240	312
239	317
242	315
241	324
244	320
244	325
246	323
245	333
248	330
248	333
250	330
250	338
252	334
252	338
254	334
253	342
256	338
256	342
258	338
257	345
260	341
260	345
262	341
261	348
263	344
264	340
264	344
266	340
265	347
268	344
268	347
270	343
269	350
272	346
272	350
274	347
273	352
276	349
276	352
278	348
277	357
280	353
280	356
282	352
281	358
284	354
284	357
285	352
287	349
285	356
288	352
288	356
290	351
289	358
292	354
292	357
294	353
292	361
296	357
296	359
298	356
298	362
300	357
300	360
302	356
301	364
304	359
304	362
306	357
306	364
308	359
308	355
308	359
310	354
309	364
312	360
312	363
314	358
313	366
316	361
316	363
318	359
317	367
320	362
320	365
322	361
321	368
324	364
324	367
326	362
325	370
328	365
327	368
330	364
330	359
329	366
332	362
333	365
334	361
333	368
336	364
335	367
338	362
337	369
340	365
340	368
342	364
341	373
344	368
344	372
346	367
345	373
348	368
348	371
350	368
349	375
352	370
352	373
353	369
354	364
353	371
356	367
356	369
358	366
352	325
350	323
350	329
352	327
352	336
354	334
354	339
356	336
355	345
358	342
358	345
360	343
359	352
362	348
362	352
364	348
363	358
365	355
366	351
366	354
368	350
368	359
371	355
370	359
373	354
372	363
374	359
374	362
377	358
375	365
379	362
379	365
380	361
379	369
382	365
382	368
384	363
384	371
386	366
386	369
388	365
388	362
387	368
390	365
390	369
392	365
392	371
394	367
394	370
397	367
395	376
399	372
399	375
401	370
400	378
402	373
403	375
404	372
403	379
407	374
406	378
409	374
408	380
410	376
411	372
411	375
412	371
410	378
414	375
414	377
416	373
416	380
418	376
418	379
421	374
419	382
422	377
422	381
424	375
424	383
426	379
426	381
429	377
428	387
430	382
431	385
433	380
432	386
433	382
435	378
435	380
437	377
436	384
438	380
438	383
441	379
440	386
442	381
443	385
445	380
443	388
447	384
446	387
448	382
448	389
451	384
450	387
453	383
452	390
454	385
455	388
456	384
456	380
456	388
459	382
459	385
461	382
460	391
463	386
463	389
465	385
464	393
467	387
467	390
469	387
468	394
471	389
471	392
473	388
473	395
475	390
475	393
477	390
496	662
533	652
533	630
533	618
535	602
534	599
537	582
537	577
539	564
538	563
540	551
541	547
543	535
542	537
545	527
545	524
547	515
546	520
549	511
548	509
551	501
550	503
553	496
553	494
555	486
554	491
556	484
557	477
556	477
559	469
558	475
561	469
561	470
563	463
561	469
565	463
565	464
566	458
566	463
569	457
569	458
571	453
570	458
572	452
572	454
575	449
574	455
577	449
577	452
577	446
579	442
578	449
580	444
581	446
583	442
582	447
585	442
585	444
587	439
586	447
589	442
589	444
591	440
590	446
593	441
593	444
595	440
592	446
597	442
597	444
599	439
598	446
601	440
601	434
600	438
603	434
602	440
604	437
604	438
607	434
606	442
609	437
608	439
610	434
609	445
613	439
612	442
615	437
614	445
617	440
617	443
619	438
617	445
621	441
621	444
623	438
623	435
622	442
625	438
625	442
627	437
625	445
628	442
629	443
630	438
630	446
633	441
632	444
634	441
634	447
636	443
636	446
639	441
637	449
640	445
641	448
643	445
642	453
645	449
645	452
645	447
647	442
646	449
649	446
649	450
651	446
650	453
653	449
653	452
655	448
654	455
657	451
657	455
659	451
652	410
651	407
651	413
653	411
652	420
655	417
655	422
657	419
656	428
657	425
659	421
659	426
661	424
660	432
663	429
662	434
665	430
664	441
667	437
667	440
669	437
668	445
671	441
671	445
673	441
672	450
675	447
675	449
677	445
676	454
679	451
679	454
681	451
681	446
679	456
683	451
683	455
684	451
684	458
687	454
686	458
689	454
688	462
691	458
690	461
693	457
692	465
695	462
695	466
697	462
695	471
699	469
699	471
701	466
700	474
703	469
703	465
703	470
705	465
704	474
707	471
707	474
709	471
708	478
711	474
711	478
713	474
710	482
715	478
715	482
717	478
716	485
719	480
719	484
721	480
720	487
723	483
723	486
725	482
724	490
726	486
727	481
727	486
729	482
728	493
731	488
731	490
733	487
732	495
735	490
735	493
737	490
736	498
739	494
739	497
741	493
740	501
743	497
743	501
745	497
744	506
747	502
747	504
748	500
749	496
748	503
751	499
751	502
753	499
752	508
755	503
755	505
757	503
756	509
759	506
759	510
761	506
760	516
763	512
763	515
765	512
764	518
767	514
767	518
769	513
768	521
771	516
771	511
771	516
773	513
773	520
776	517
775	521
777	518
769	459
766	456
765	463
768	463
767	472
770	470
770	475
772	474
770	484
774	481
773	485
775	483
775	492
778	488
777	494
780	492
779	488
778	500
782	496
782	500
784	496
783	505
786	501
785	505
788	503
786	512
789	507
789	511
792	507
791	516
794	512
794	516
796	513
794	523
797	518
797	521
800	518
799	525
801	521
801	524
803	520
804	516
802	524
806	520
805	524
807	519
807	528
809	526
809	528
812	525
811	535
813	531
813	534
816	530
815	537
818	533
818	537
820	533
819	541
822	536
821	540
823	537
823	543
825	540
826	535
826	539
828	536
825	545
830	540
829	544
832	539
831	546
833	543
833	545
836	542
835	549
837	544
837	547
839	543
839	551
842	546
841	550
844	546
842	558
846	552
845	554
848	551
848	545
847	554
850	549
849	552
852	549
851	557
854	552
853	556
856	552
855	560
858	557
857	559
860	555
859	564
861	559
861	561
864	557
863	565
866	560
865	564
868	559
867	567
869	561
869	565
870	561
872	556
871	565
874	561
873	564
876	560
875	571
878	566
877	570
880	564
879	571
882	568
882	571
884	568
883	575
886	571
885	574
888	570
887	577
890	574
890	577
892	574
885	532
883	529
884	527
884	532
886	530
885	539
888	536
888	541
890	539
889	546
891	543
892	550
894	545
893	554
896	551
896	554
898	552
897	562
900	557
900	562
902	558
901	566
904	562
904	565
906	561
906	559
905	565
908	562
908	566
910	562
909	570
912	567
912	571
914	568
913	576
916	572
915	576
918	570
917	577
920	573
920	576
922	573
921	580
924	577
923	580
925	575
925	583
928	581
928	575
928	579
930	576
929	587
932	582
932	585
934	580
933	588
936	584
936	587
938	584
937	591
940	588
940	591
942	587
942	594
944	591
944	594
946	590
944	599
948	595
948	599
950	593
949	600
951	596
952	591
952	594
954	590
953	596
956	593
956	597
958	592
957	600
960	596
960	600
962	597
961	606
964	601
964	604
966	600
966	607
968	602
968	606
970	602
969	609
972	605
972	609
973	604
974	600
974	609
976	604
976	608
978	604
977	614
980	609
980	612
982	607
981	616
984	610
984	614
986	610
985	617
988	613
988	616
990	612
989	619
992	616
992	618
994	615
993	626
997	622
996	618
996	620
999	615
998	623
1001	618
1001	622
1003	619
1001	625
1004	630
1007	623
1006	631
1009	628
1009	630
1011	627
1010	612
1007	608
1008	592
1005	589
1005	579
1003	577
1004	563
1002	560
1001	552
999	551
1000	539
997	538
997	531
995	533
996	519
993	519
993	511
991	513
992	502
989	502
989	496
986	498
988	488
985	489
985	483
983	485
984	476
982	477
981	481
981	474
978	477
980	468
977	468
977	461
976	464
976	454
973	456
973	451
970	454
972	446
969	448
969	443
967	446
968	437
965	440
965	435
962	439
964	428
961	430
961	425
958	430
959	432
959	423
957	427
957	421
954	425
956	417
953	419
953	416
951	419
951	410
949	413
949	409
947	413
949	406
945	406
945	402
943	405
944	396
941	398
941	395
939	399
940	391
937	394
937	397
937	394
935	397
935	388
932	392
933	387
930	392
932	381
928	384
929	380
927	384
927	376
924	379
924	375
922	378
923	373
921	375
921	370
918	376
919	368
916	372
916	368
914	373
916	362
914	367
913	370
913	367
910	369
911	361
908	365
909	360
906	365
908	357
905	359
905	355
903	359
903	352
900	357
901	352
898	357
900	348
897	350
896	346
895	350
895	341
892	345
892	343
891	347
890	351
892	344
889	348
889	344
887	347
887	339
884	344
885	339
883	345
889	385
891	386
891	380
889	381
890	371
886	373
887	366
884	369
886	360
883	361
883	356
881	360
882	350
879	353
879	356
879	351
876	356
878	343
875	346
874	343
872	344
873	336
870	340
870	335
868	339
869	331
866	334
867	331
864	334
865	327
862	331
862	326
860	331
862	321
858	323
859	320
857	324
856	328
857	319
854	322
854	318
852	324
853	314
850	318
850	314
848	318
849	310
846	314
847	310
844	315
846	305
842	308
842	305
840	308
841	300
838	305
838	301
836	305
837	298
834	303
835	298
833	302
832	307
833	300
830	302
830	300
828	305
831	296
827	298
827	294
824	297
825	289
822	293
822	289
820	293
822	286
818	289
818	287
816	291
817	281
814	286
814	284
812	288
813	277
812	281
810	285
810	281
808	286
808	278
806	281
806	278
803	282
805	274
802	278
802	274
800	279
801	272
798	276
798	273
796	278
798	269
794	272
794	269
792	271
793	264
790	268
790	265
788	269
788	274
789	266
786	269
786	265
784	270
785	263
782	266
782	262
780	268
781	258
779	261
778	257
776	261
777	254
774	258
774	254
772	260
773	252
770	256
770	254
768	256
769	250
766	254
767	258
766	254
764	259
773	318
776	319
776	310
774	309
775	300
772	300
772	293
770	296
771	286
768	288
768	282
766	285
766	276
764	278
764	273
761	278
763	266
760	268
760	264
757	267
758	259
757	262
755	266
756	262
753	264
755	256
752	260
752	255
749	259
750	251
748	255
747	251
745	256
747	246
744	249
744	245
742	249
742	241
739	244
739	240
737	245
738	237
736	240
736	236
733	240
734	244
734	236
731	239
732	236
729	240
730	231
728	235
728	230
725	234
726	227
723	230
723	226
721	231
722	224
719	228
720	224
717	228
718	222
715	225
716	222
713	227
716	219
712	221
712	225
712	221
710	225
710	217
707	221
707	218
705	221
706	213
703	218
704	212
701	217
702	211
699	214
699	211
697	215
698	205
695	209
695	205
693	209
694	203
691	206
691	203
689	208
690	201
688	204
687	209
687	205
685	209
686	202
683	206
683	204
681	207
683	199
679	203
680	198
678	202
678	194
675	199
675	195
673	200
674	192
672	197
672	193
669	198
670	191
667	194
667	191
666	195
665	201
666	190
663	193
664	190
661	194
662	187
659	190
659	187
657	192
658	185
655	189
655	186
654	190
654	183
651	188
651	184
649	189
656	231
658	233
658	225
656	227
656	218
653	219
653	222
654	216
651	219
652	210
650	212
650	207
647	210
648	202
645	205
645	201
643	204
644	194
641	197
641	192
639	196
639	187
637	192
637	188
635	192
636	185
633	189
633	185
631	188
631	193
632	184
629	189
629	184
627	188
629	181
626	183
625	180
623	184
624	175
621	179
621	177
619	180
620	172
617	177
618	173
615	176
616	170
613	173
613	171
611	175
612	165
609	169
609	165
608	170
607	174
608	166
605	170
605	167
603	171
604	164
601	167
601	164
599	170
600	162
597	165
597	163
595	167
598	160
594	163
594	158
591	163
592	156
589	160
589	157
587	161
589	154
587	158
586	162
586	158
583	162
584	156
581	159
581	155
579	160
580	152
577	154
578	152
575	156
576	148
573	153
573	149
571	154
572	147
569	151
569	148
567	153
568	145
565	150
565	147
563	151
563	155
564	148
561	152
561	148
559	152
560	145
557	149
557	146
555	150
556	144
553	147
554	144
551	148
552	141
549	146
549	143
547	147
549	138
545	142
545	139
543	145
544	136
541	141
541	147
541	142
539	147
540	140
538	143
537	140
535	145
536	137
533	142
533	140
531	144
513	0
475	0
475	0
474	0
473	0
473	0
472	0
471	0
471	0
469	0
469	0
470	0
467	0
467	0
466	0
465	0
466	0
463	0
463	0
463	0
461	7
462	1
460	7
459	15
459	15
457	23
457	19
454	26
455	34
455	34
452	41
454	36
451	42
451	41
449	49
449	55
450	49
447	56
447	54
445	60
446	54
444	60
443	65
443	64
441	69
442	63
439	68
439	67
438	72
437	78
438	72
435	77
435	74
433	79
434	73
432	78
431	83
431	82
429	87
430	78
427	83
427	79
426	85
425	90
426	84
423	89
423	85
421	90
421	95
422	87
419	92
419	90
417	95
417	88
415	93
415	98
415	95
413	99
416	92
412	96
412	92
409	97
409	101
410	95
407	99
407	95
405	100
406	94
403	97
403	95
402	99
401	103
402	98
399	102
399	100
397	104
398	95
395	100
395	97
393	102
393	95
392	100
391	105
391	102
389	108
390	100
387	105
387	103
385	108
385	100
383	105
383	103
381	108
382	101
379	105
380	102
377	107
378	101
375	105
375	102
373	107
374	101
371	105
371	110
371	107
369	111
370	106
367	110
367	106
365	112
366	103
363	107
363	105
361	109
362	103
359	107
359	105
356	109
358	103
355	108
355	105
353	110
354	103
351	108
351	106
349	111
349	115
355	158
357	160
357	154
355	155
356	146
353	148
353	143
351	146
352	137
349	140
349	137
347	140
348	132
345	135
345	132
343	135
344	125
341	128
341	125
339	129
339	122
336	126
337	122
336	127
334	131
336	123
333	127
333	123
331	127
331	121
328	124
329	121
327	127
328	118
325	123
325	119
323	123
323	117
321	120
321	117
319	122
320	115
317	119
317	117
315	121
315	113
314	119
313	122
313	119
311	124
312	115
309	119
309	116
307	120
307	114
305	118
305	115
302	119
304	113
301	117
301	114
299	118
299	112
297	117
297	114
295	118
298	111
293	115
293	113
291	117
291	122
291	115
289	119
289	116
287	121
288	112
285	117
285	115
283	120
283	112
281	117
281	114
279	119
280	110
277	114
277	111
275	117
276	110
272	114
273	112
271	117
272	110
269	114
269	119
269	116
267	121
267	113
265	117
265	115
263	120
264	112
261	117
261	113
259	119
260	112
257	116
257	113
255	117
256	111
253	115
253	113
251	117
252	111
248	115
249	112
247	117
248	108
246	113
245	118
245	114
243	119
244	113
240	117
241	114
239	118
239	112
237	117
238	113
235	118
235	112
233	116
233	114
231	118
238	178
243	178
243	171
240	172
241	162
239	163
239	158
238	161
237	162
238	153
234	155
235	150
233	152
233	145
231	148
230	143
228	146
230	137
227	140
226	136
225	140
225	132
222	136
223	132
220	136
221	129
218	132
218	128
216	133
217	126
214	130
214	135
214	132
212	134
214	127
211	131
211	127
208	131
209	125
206	128
207	126
205	130
206	122
203	127
203	123
201	127
201	120
199	125
199	122
197	126
198	117
194	121
194	119
193	124
193	117
191	121
191	125
190	123
188	127
190	119
187	124
186	121
184	125
185	119
182	122
183	120
181	125
183	117
179	121
179	118
177	122
177	116
175	120
175	117
173	122
174	115
171	119
171	117
170	121
169	126
170	119
167	123
167	120
164	124
166	115
162	119
163	117
161	122
161	115
158	119
159	117
157	121
157	114
154	118
155	115
152	120
153	114
151	118
150	116
148	120
150	113
147	118
147	122
147	120
145	124
145	116
143	120
143	118
141	123
142	115
139	120
139	117
137	121
138	115
134	119
135	117
132	121
134	112
131	117
131	113
128	118
129	113
127	117
127	115
125	118
124	123
126	116
123	120
123	117
121	121
122	115
119	120
119	117
117	122
124	162
125	163
125	157
123	158
123	149
121	152
121	147
119	150
120	141
117	144
117	139
115	143
115	134
112	138
113	134
112	138
111	142
112	132
109	135
109	131
106	135
107	128
104	132
104	128
103	132
104	125
100	129
101	126
99	129
99	122
97	126
97	130
96	126
95	128
96	121
93	125
93	121
91	126
91	130
92	122
89	125
89	121
87	125
87	117
85	122
85	125
85	122
83	126
83	118
81	121
81	119
80	123
79	127
80	117
77	121
77	117
75	120
75	113
74	118
72	122
72	119
71	122
71	115
69	118
68	114
68	119
67	123
67	116
65	120
65	116
63	120
65	112
62	116
61	120
61	117
58	121
59	114
57	117
57	121
57	118
55	121
56	113
53	118
53	114
51	118
51	122
51	114
48	118
49	115
46	119
48	110
45	112
45	118
44	114
43	117
43	111
41	115
41	112
40	116
38	120
39	112
36	115
36	112
34	116
35	109
34	114
32	118
32	114
31	118
32	110
29	113
29	110
28	115
27	118
28	112
25	115
25	112
22	115
24	108
22	112
21	116
21	113
19	117
19	109
16	113
17	117
17	113
15	117
16	107
13	112
12	108
11	112
10	116
11	109
9	113
8	110
6	112
7	116
8	108
5	111
5	108
4	111
3	114
3	107
0	110
0	114
0	110
0	112
