0.0	0.17392187480164023
0.0	0.17392187480164023
0.0002932551319648094	0.17744827128991353
0.001759530791788856	0.18802746075473348
0.0036168132942326495	0.1979013709218988
0.005474095796676442	0.20326149358407425
0.007526881720430106	0.21017323070109
0.009872922776148582	0.21595652094185822
0.011730205278592375	0.22032925258731711
0.013880742913000977	0.2239967049351214
0.015835777126099706	0.22653571040667816
0.017986314760508305	0.2287926041591731
0.019941348973607036	0.2300621068949515
0.02218963831867058	0.23387061510228668
0.02434017595307918	0.23485800611900323
0.026295210166177908	0.2365506764333744
0.02864125122189638	0.23880757018586934
0.030303030303030304	0.23979496120258587
0.03235581622678397	0.2403591846407096
0.0346041055718475	0.24219291081461175
0.03675464320625611	0.24303924597179732
0.03880742913000977	0.2441676928480448
0.040860215053763436	0.24430874870757574
0.042913000977517116	0.24557825144335413
0.04516129032258065	0.24628353074100878
0.0469208211143695	0.24797620105537996
0.04916911045943304	0.24684775417913252
0.051515151515151514	0.2481172569149109
0.053861192570869985	0.25051520652693676
0.05650048875855327	0.25122048582459144
0.05874877810361682	0.2512204858245914
0.060117302052785926	0.24374452526945198
0.058455522971652005	0.22357353735652857
0.06080156402737048	0.23302427994510108
0.06334310850439882	0.23782017916915277
0.06549364613880743	0.24261607839320454
0.06774193548387096	0.2441676928480448
0.07008797653958944	0.24656564246007068
0.07253176930596286	0.24924570379115835
0.07497556207233627	0.2502330948078749
0.07702834799608993	0.250092038948344
0.07917888563049853	0.25192576512224607
0.08181818181818182	0.2536184354366173
0.08426197458455523	0.2553111057509885
0.08670576735092865	0.25531110575098853
0.0884652981427175	0.2539005471556791
0.09090909090909091	0.25615744090817405
0.09345063538611927	0.2568627202058288
0.09589442815249268	0.2589785580987927
0.09824046920821114	0.25827327880113804
0.10039100684261974	0.2572858877844216
0.10263929618768328	0.25968383739644746
0.10508308895405669	0.2599659491155093
0.1075268817204301	0.26109439599175677
0.10987292277614857	0.26024806083457114
0.11212121212121211	0.26038911669410203
0.11436950146627564	0.26236389872753507
0.11691104594330401	0.2627870663061279
0.11593352883675465	0.23697384401196722
0.11466275659824046	0.22709993384480193
0.11700879765395895	0.23612750885478162
0.11925708699902249	0.24388558112898293
0.12189638318670577	0.24938675965068927
0.12424242424242424	0.252066820981777
0.12619745845552297	0.2530542119984936
0.1287390029325513	0.2555932174700503
0.13098729227761485	0.25827327880113804
0.13362658846529812	0.25982489325597835
0.13577712609970674	0.26151756357034955
0.13802541544477026	0.26109439599175677
0.14046920821114367	0.26264601044659697
0.14261974584555231	0.26462079248003006
0.14535679374389052	0.26560818349674664
0.14740957966764417	0.26405656904190633
0.14965786901270772	0.2649029041990919
0.15219941348973606	0.26687768623252495
0.1544477028347996	0.268993524125489
0.1571847507331378	0.26899352412548894
0.1590420332355816	0.2670187420920559
0.1613880742913001	0.2687114124064271
0.16392961876832843	0.2692756358445509
0.16617790811339198	0.27153252959704577
0.16862170087976538	0.271109362018453
0.17077223851417397	0.27054513858032925
0.17321603128054744	0.2723788647542314
0.1721407624633431	0.24712986589819436
0.17302052785923755	0.249950983088813
0.17536656891495603	0.25347737957708627
0.17761485826001958	0.25756799950348336
0.18015640273704792	0.262646010446597
0.1825024437927664	0.2649029041990919
0.1849462365591398	0.2681471889683034
0.18699902248289346	0.2674419096706487
0.18934506353861194	0.2687114124064271
0.19169110459433042	0.2712504178779839
0.19452590420332355	0.27336625577094786
0.1967741935483871	0.27407153506860255
0.1986314760508309	0.27407153506860255
0.2010752688172043	0.2753410378043809
0.20361681329423265	0.27717476397828306
0.20606060606060606	0.27745687569734495
0.20821114369501464	0.2766105405401594
0.21036168132942326	0.2790084901521852
0.21309872922776146	0.2792906018712471
0.215347018572825	0.28084221632608736
0.21779081133919842	0.2818296073428038
0.219941348973607	0.2807011604665564
0.2219941348973607	0.28168855148327293
0.22463343108504397	0.28309911007858224
0.22727272727272724	0.2852149479715462
0.2298142717497556	0.285638115550139
0.23186705767350926	0.28338122179764413
0.2570869990224829	0.45800837589693905
0.26295210166177907	0.4179485117901541
0.2652981427174975	0.39298162465317893
0.26744868035190617	0.3746443629141577
0.2699902248289345	0.3595513859443478
0.2719452590420332	0.35179331367014655
0.27468230694037143	0.34488157655313084
0.27712609970674484	0.3399446214695482
0.27908113391984357	0.3343023870883109
0.281427174975562	0.3295064878642592
0.2837732160312806	0.3311991581786303
0.2866080156402737	0.3292243761451973
0.28895405669599217	0.3295064878642592
0.29071358748778103	0.3262622030950477
0.2933528836754643	0.32668537067364045
0.295405669599218	0.3276727616903571
0.29804496578690126	0.32908332028566634
0.30058651026392963	0.3297885995833211
0.30254154447702836	0.32894226442613544
0.30508308895405667	0.3309170464595685
0.3073313782991202	0.3343023870883109
0.3099706744868035	0.3350076663859656
0.3118279569892473	0.3350076663859655
0.31417399804496576	0.3378287835765842
0.316911045943304	0.3405088449076719
0.31915933528836754	0.3436120738173525
0.3202346041055718	0.3330328843525325
0.3188660801564027	0.3180809632422536
0.3210166177908113	0.32541586793786215
0.3236559139784946	0.3317633816167541
0.3260019550342131	0.33938039803142445
0.3285434995112414	0.34347101795782153
0.3304985337243401	0.34474052069359995
0.3327468230694037	0.3501006433557754
0.3354838709677419	0.3532038722654559
0.33743890518084063	0.35771765977044573
0.33988269794721404	0.3602566652420025
0.34232649071358745	0.3637830617302759
0.34457478005865105	0.36829684923526573
0.3472140762463344	0.37140007814494624
0.349266862170088	0.3767602008071217
0.3517106549364614	0.37605492150946707
0.35395894428152497	0.37944026213820947
0.3564027370478984	0.3848003848003848
0.35894428152492674	0.3879036137100653
0.36119257086999024	0.39241740121505525
0.3633431085043989	0.39312268051270993
0.36568914956011733	0.39636696528192134
0.36813294232649074	0.4003165293487875
0.3706744868035191	0.4031376465394062
0.37302052785923756	0.40793354576345786
0.37487781036168133	0.4094851602182981
0.37751710654936466	0.4130115567065714
0.3765395894428153	0.3908657867602149
0.3760508308895406	0.38254349104788987
0.3779081133919844	0.3898783957434985
0.37996089931573807	0.3976364680176997
0.38289345063538616	0.4041250375561226
0.38504398826979475	0.41019043951595274
0.387781036168133	0.4144221153018807
0.3895405669599218	0.4176664000710922
0.39169110459433043	0.4203464614021799
0.3944281524926686	0.4235907461713914
0.396871945259042	0.428809812974036
0.3994134897360704	0.4314898743051237
0.40127077223851415	0.43191304188371643
0.4035190615835777	0.437132108686361
0.40615835777126097	0.4395300582983868
0.4083088954056696	0.4420690637699436
0.4109481915933529	0.4426332872080674
0.4130009775171065	0.4450312368200932
0.4154447702834799	0.4486986891678974
0.4179863147605083	0.45053241534179966
0.42033235581622674	0.45419986768960385
0.42228739002932547	0.45250719737523265
0.424633431085044	0.45419986768960385
0.4270772238514174	0.45843154347553183
0.4298142717497556	0.46111160480661956
0.43216031280547407	0.4635095544186454
0.43431085043988266	0.46280427512099076
0.43313782991202343	0.43797844384354656
0.43391984359726293	0.4400942817365105
0.43665689149560116	0.44503123682009316
0.43890518084066465	0.4509555829203924
0.4408602150537634	0.4529303649538254
0.44340175953079175	0.45603359386350595
0.4456500488758553	0.46082949308755766
0.44828934506353857	0.4626632192614598
0.45043988269794716	0.4620989958233361
0.4523949169110459	0.46435588957583107
0.4552297165200391	0.46731806262598063
0.45747800586510257	0.47084445911425393
0.4602150537634408	0.4721139618500323
0.4618768328445747	0.47169079427143945
0.46451612903225803	0.47394768802393433
0.46695992179863144	0.4745119114620581
0.46920821114369504	0.4776151403717387
0.4718475073313783	0.4793078106861099
0.47380254154447704	0.4776151403717387
0.47624633431085045	0.48057731342188836
0.47869012707722386	0.48226998373625946
0.4809384164222874	0.48480898920781623
0.48328445747800586	0.48353948647203787
0.48563049853372436	0.48579638022453286
0.4879765395894428	0.48875855327468243
0.4905180840664712	0.48918172085327516
0.4929618768328446	0.48875855327468243
0.4913000977517107	0.45885471105412456
0.48866080156402736	0.4361447176696444
0.48621700879765395	0.41710217663296845
0.4835777126099707	0.40130392036550405
0.4814271749755621	0.38874994886725095
0.47917888563049854	0.38127398831211157
0.4768328445747801	0.37055374298776067
0.4744868035190616	0.36067983282059535
0.4717497556207234	0.3534859839845178
0.4694037145650049	0.34530474413172363
0.467546432062561	0.3395214538909554
0.4650048875855327	0.33402027536924905
0.462952101661779	0.3279548734094189
0.4602150537634408	0.3207610245733413
0.45796676441837725	0.3169525163660062
0.45571847507331376	0.31201556128242347
0.45288367546432057	0.3055269917440006
0.450635386119257	0.30073109251994884
0.44799608993157375	0.29748680775073744
0.44633431085043984	0.29410146712199503
0.4439882697947214	0.2894466237574742
0.44125122189638316	0.2854970596906082
0.4390029325513196	0.28041904874749457
0.43646138807429125	0.27632842882109754
0.4344086021505376	0.2768926522592212
0.4327468230694037	0.27914954601171615
0.43479960899315734	0.29805103118886117
0.4324535679374389	0.28620233898826275
0.4300097751710655	0.27999588116890173
0.4279569892473118	0.2737894233495407
0.4254154447702835	0.26603135107533943
0.42277614858260015	0.26208178700847323
0.42052785923753666	0.2572858877844216
0.418377321603128	0.2548879381723957
0.4159335288367546	0.2510794299650605
0.413782991202346	0.24571930730288508
0.4108504398826979	0.24106446393836425
0.4086021505376344	0.23753806745009096
0.4064516129032258	0.23796123502868377
0.40439882697947216	0.23415272682134852
0.40175953079178883	0.22865154829964215
0.3992179863147605	0.22597148696855443
0.396969696969697	0.22244509048028113
0.3948191593352884	0.22047030844684806
0.3921798631476051	0.21835447055388407
0.39002932551319647	0.21454596234654888
0.38748778103616816	0.2111606217178065
0.3852394916911046	0.2103142865606209
0.3831867057673509	0.20777528108906412
0.3806451612903226	0.20438994046032172
0.3782991202346041	0.20029932053392469
0.3757575757575758	0.19846559436002253
0.37595307917888565	0.2175081353966985
0.3782013685239492	0.2317547772093227
0.37565982404692083	0.22089347602544085
0.3733137829912024	0.21130167757733745
0.3704789833822092	0.20382571702219798
0.36842619745845556	0.2015688232697031
0.36598240469208215	0.1964908123265895
0.3637341153470186	0.19225913654066148
0.36119257086999024	0.18675795801895512
0.35904203323558165	0.18478317598552207
0.3566959921798632	0.1823852263734962
0.3542521994134898	0.17744827128991353
0.3518084066471164	0.17533243339694954
0.3496578690127078	0.17194709276820716
0.34740957966764424	0.17110075761102156
0.3448680351906158	0.16771541698227918
0.3425219941348973	0.16404796463447494
0.339980449657869	0.16080367986526345
0.33773216031280545	0.15685411579839736
0.33558162267839686	0.15812361853417575
0.3330400782013685	0.15643094821980458
0.33079178885630495	0.15205821657434565
0.32834799608993154	0.15050660211950534
0.3260019550342131	0.1485318200860723
0.32404692082111436	0.1461338704740464
0.3214076246334311	0.14415908844061337
0.3190615835777126	0.14218430640718033
0.3202346041055718	0.16686908182509358
0.3193548387096774	0.16531746737025332
0.3173020527859237	0.15755939509605202
0.3147605083088954	0.15177610485528376
0.31221896383186704	0.1451464794573299
0.3096774193548387	0.14204325054764938
0.30772238514174	0.1417611388285875
0.3056695992179863	0.13668312788547393
0.3029325513196481	0.13357989897579342
0.30048875855327467	0.1304766700661129
0.29804496578690126	0.12751449701596332
0.29608993157380253	0.12807872045408702
0.293841642228739	0.1248344356848756
0.2913978494623656	0.12342387708956626
0.28895405669599217	0.119756424741762
0.2867057673509287	0.1193332571631692
0.28435972629521017	0.11891008958457641
0.2820136852394917	0.11439630207958654
0.2793743890518084	0.11326785520333908
0.2770283479960899	0.11185729660802976
0.27497556207233625	0.11326785520333908
0.27262952101661775	0.11143412902943697
0.27038123167155426	0.10818984426022552
0.267644183773216	0.107202453243509
0.2652981427174975	0.10550978292913779
0.2635386119257087	0.10621506222679244
0.2608015640273705	0.10579189464819967
0.23538611925708702	0.0
0.23040078201368522	0.0
0.22864125122189635	0.0
0.22678396871945256	0.0018337261739021272
0.22482893450635383	0.012130803919660227
0.22267839687194524	0.023838440260727654
0.22062561094819158	0.03498185316367135
0.21857282502443792	0.042598869578341726
0.21652003910068424	0.048241103959579035
0.2145650048875855	0.05261383560503796
0.21241446725317692	0.057691846548151536
0.21036168132942326	0.06192352233407954
0.2081133919843597	0.06347513678891979
0.20606060606060606	0.06559097468188377
0.20391006842619747	0.06911737117015711
0.20185728250244378	0.0703868739059355
0.19980449657869012	0.07207954422030668
0.19726295210166178	0.07292587937749229
0.19501466275659823	0.07278482351796137
0.19266862170087978	0.07490066141092534
0.19002932551319648	0.07574699656811094
0.1878787878787879	0.07617016414670374
0.18543499511241449	0.0767343875848275
0.18299120234604108	0.07743966688248213
0.1812316715542522	0.07870916961826055
0.17859237536656894	0.07899128133732239
0.17614858260019553	0.07758072274201307
0.1736070381231672	0.0785681137587296
0.1713587487781036	0.08068395165169359
0.1739980449657869	0.1124215200461535
0.1718475073313783	0.10452239191242126
0.16950146627565982	0.09817487823352927
0.16686217008797652	0.09394320244760128
0.164613880742913	0.09408425830713221
0.16265884652981427	0.09013469424026609
0.16001955034213097	0.0892883590830805
0.15747800586510263	0.08703146533058558
0.15522971652003908	0.08646724189246184
0.15327468230694036	0.08858307978542583
0.15083088954056695	0.08477457157809065
0.1482893450635386	0.08477457157809065
0.14594330400782013	0.08435140399949785
0.14389051808406647	0.08519773915668345
0.141544477028348	0.08632618603293091
0.13910068426197458	0.08406929228043598
0.13665689149560117	0.08392823642090505
0.1341153470185728	0.0823766219660648
0.13196480938416422	0.08505668329715252
0.12942326490713588	0.08519773915668345
0.12756598240469208	0.08336401298278133
0.1249266862170088	0.08336401298278133
0.12248289345063539	0.084069292280436
0.12052785923753666	0.08519773915668345
0.11788856304985337	0.08421034813996692
0.11573802541544478	0.08308190126371946
0.11495601173020527	0.10184233058133355
0.11730205278592376	0.1201795923203548
0.11524926686217007	0.1124215200461535
0.11280547409579667	0.10621506222679244
0.11055718475073313	0.09930332510977674
0.10791788856304985	0.09648220791915807
0.10576735092864124	0.09648220791915807
0.10371456500488759	0.0943663700261941
0.10117302052785923	0.09267369971182288
0.0989247311827957	0.08999363838073518
0.09608993157380255	0.0892883590830805
0.09433040078201368	0.09069891767838985
0.09188660801564028	0.08900624736401865
0.089247311827957	0.08858307978542584
0.08729227761485828	0.08646724189246184
0.08475073313782991	0.08660829775199279
0.08279569892473118	0.08914730322354955
0.08035190615835777	0.08689040947105464
0.07751710654936461	0.08632618603293091
0.07536656891495601	0.08491562743762159
0.0729227761485826	0.08717252119011651
0.07106549364613882	0.08745463290917838
0.06881720430107527	0.08674935361152371
0.06617790811339198	0.08689040947105466
0.06373411534701857	0.08378718056137413
0.06158357771260997	0.08689040947105464
0.0592375366568915	0.08660829775199279
0.059530791788856306	0.10480450363148312
0.05933528836754644	0.1098825145745967
0.05698924731182796	0.10339394503617379
0.05513196480938416	0.1004317719860242
0.052297165200391	0.09591798448103435
0.04995112414467253	0.09295581143088476
0.047702834799609	0.09253264385229196
0.04584555229716521	0.09069891767838983
0.04349951124144673	0.0909810293974517
0.04173998044965786	0.08971152666167329
0.03949169110459433	0.08914730322354958
0.037341153470185726	0.08759568876870931
0.035581622678396874	0.08717252119011651
0.03313782991202346	0.08745463290917838
0.030987292277614858	0.08674935361152372
0.02903225806451613	0.08590301845433812
0.027174975562072334	0.08632618603293092
0.025024437927663734	0.08604407431386904
0.02297165200391007	0.08435140399949785
0.020527859237536656	0.0837871805613741
0.018670576735092863	0.08463351571855973
0.01681329423264907	0.08519773915668345
0.01466275659824047	0.08406929228043598
0.012414467253176931	0.0836461247018432
0.010557184750733136	0.08406929228043598
0.008113391984359727	0.08378718056137413
0.0063538611925708696	0.08167134266841013
0.004301075268817204	0.0823766219660648
0.002346041055718475	0.08209451024700294
0.0006842619745845552	0.08124817508981733
0.00019550342130987292	0.09323792314994662
0.001759530791788856	0.11340891106287003
0.0036168132942326495	0.13033561420658196
0.005669599217986316	0.14303064156436593
0.007722385141739981	0.15530250134355708
0.009872922776148582	0.16447113221306772
0.011827956989247313	0.17349870722304744
0.013880742913000977	0.178576718166161
0.016031280547409578	0.18464212012599107
0.01818181818181818	0.1901432986476975
0.020234604105571846	0.19338758341690895
0.02218963831867058	0.19705503576471323
0.02434017595307918	0.2011456556911103
0.02649071358748778	0.20495416389844542
0.028445747800586507	0.20749316937000226
0.030205278592375366	0.20890372796531156
0.032649071358748775	0.2120069568749921
0.03479960899315738	0.214404906487018
0.036852394916911044	0.21496912992514167
0.03890518084066471	0.21863658227294597
0.040957966764418374	0.2189186939920078
0.043108504398826984	0.2208934760254409
0.044965786901270774	0.222727202199343
0.047214076246334315	0.2231503697779358
0.049560117302052786	0.22568937524949256
0.05161290322580645	0.22526620767089978
0.053861192570869985	0.22780521314245655
0.05650048875855327	0.22907471587823497
0.05865102639296188	0.23161372134979175
0.05972629521016618	0.2189186939920078
0.05855327468230694	0.20551838733656919
0.060703812316715546	0.21355857132983233
0.06324535679374389	0.21920080571106965
0.06549364613880743	0.22568937524949256
0.06813294232649071	0.22822838072104937
0.07008797653958944	0.2279462690019875
0.07243401759530792	0.23119055377119896
0.0750733137829912	0.2326011123665083
0.0772238514173998	0.23570434127618883
0.07966764418377321	0.23528117369759602
0.08181818181818182	0.23697384401196722
0.08426197458455523	0.23880757018586934
0.08670576735092865	0.23965390534305495
0.08885630498533725	0.24219291081461175
0.09120234604105573	0.24007707292164776
0.0935483870967742	0.24106446393836428
0.09589442815249268	0.24388558112898293
0.09843597262952102	0.2444498045671067
0.1007820136852395	0.24670669831960157
0.10263929618768328	0.24430874870757574
0.10518084066471163	0.24557825144335413
0.10742913000977516	0.24698881003866346
0.11006842619745845	0.24769408933631812
0.11241446725317691	0.2491046479316274
0.11436950146627564	0.24854042449350372
0.116911045943304	0.2493867596506893
0.11593352883675465	0.22427881665418328
0.1150537634408602	0.21666180023951287
0.11720430107526883	0.22441987251371417
0.11925708699902249	0.231190553771199
0.12189638318670577	0.23669173229290535
0.12424242424242424	0.2406412963597715
0.12688172043010754	0.24303924597179732
0.1287390029325513	0.24303924597179732
0.13098729227761485	0.24642458660053973
0.1335288367546432	0.247835145195849
0.1359726295210166	0.25136154168412234
0.13841642228739	0.25220787684130797
0.14046920821114367	0.2503741506674058
0.14252199413489736	0.2531952678580245
0.14535679374389052	0.25460582645333385
0.147702834799609	0.2555932174700503
0.15004887585532747	0.2548879381723957
0.15219941348973606	0.2554521616105194
0.1544477028347996	0.25770905536301436
0.15708699902248288	0.25827327880113804
0.15943304007820136	0.26024806083457114
0.16158357771260995	0.2575679995034834
0.1638318670576735	0.258414334660669
0.16617790811339198	0.26081228427269487
0.16881720430107525	0.262504954587066
0.17116324535679378	0.26363340146331354
0.17321603128054744	0.2612354518512877
0.1721407624633431	0.23683278815243627
0.1731182795698925	0.239512849483524
0.17565982404692085	0.24557825144335413
0.17790811339198437	0.25051520652693676
0.18005865102639299	0.25220787684130797
0.1825024437927664	0.2548879381723957
0.18484848484848487	0.25855539052019993
0.1873900293255132	0.26038911669410203
0.1895405669599218	0.2599659491155093
0.19178885630498535	0.2612354518512877
0.1943304007820137	0.2637744573228445
0.19657869012707724	0.2661724069348703
0.19941348973607037	0.26715979795158684
0.2010752688172043	0.26532607177768475
0.20342130987292278	0.2675829655301797
0.20606060606060606	0.2678650772492415
0.20821114369501464	0.27054513858032925
0.21094819159335287	0.27153252959704577
0.2129032258064516	0.26927563584455083
0.215347018572825	0.2713914737375148
0.21788856304985335	0.2725199206137623
0.2201368523949169	0.27407153506860255
0.22238514173998042	0.2729430881923551
0.22482893450635383	0.27364836749000976
0.22727272727272724	0.27604631710203564
0.2298142717497556	0.2761873729615666
0.23411534701857278	0.3166704046469443
0.26050830889540566	0.43938900243885587
0.26295210166177907	0.40215025552268957
0.2653958944281525	0.37859392698102384
0.26793743890518085	0.3625135589944975
0.27038123167155426	0.34897219647952793
0.27214076246334307	0.33867511873376976
0.2747800586510264	0.3321865491953469
0.276930596285435	0.32696748239270235
0.27956989247311825	0.3224536948877125
0.2818181818181818	0.3190683542589702
0.2838709677419355	0.3169525163660062
0.2866080156402737	0.3156830136302277
0.28895405669599217	0.31511879019210404
0.2911045943304008	0.3149777343325731
0.2936461388074291	0.3127208405800782
0.29560117302052785	0.3124387288610163
0.29804496578690126	0.31342611987773283
0.30058651026392963	0.3148366784730422
0.30312805474095794	0.31511879019210404
0.30508308895405667	0.3135671757372638
0.3070381231671554	0.3163882929278824
0.3099706744868035	0.31709357222553713
0.31212121212121213	0.3190683542589701
0.31466275659824045	0.32160735973052695
0.316911045943304	0.3201968011352176
0.31915933528836754	0.32372319762349094
0.3202346041055718	0.3121566171419544
0.31915933528836754	0.2994615897841705
0.32130987292277613	0.3048217124463459
0.32375366568914954	0.3086302206536811
0.3260019550342131	0.3168114605064752
0.32864125122189636	0.3199146894161557
0.3308895405669599	0.32471058864020746
0.3330400782013685	0.32541586793786215
0.33538611925708695	0.3279548734094189
0.3375366568914956	0.3321865491953469
0.34017595307917886	0.33599505740268204
0.3427174975562072	0.33881617459330077
0.344672531769306	0.3399446214695482
0.3472140762463344	0.3430478503792287
0.349266862170088	0.3481258613223423
0.3521016617790812	0.3489721964795279
0.3543499511241447	0.3510880343724919
0.3564027370478984	0.35306281640592496
0.35894428152492674	0.3560249894560745
0.36119257086999024	0.3595513859443479
0.36383186705767356	0.3630777824326212
0.3658846529814272	0.3632188382921521
0.36813294232649074	0.36547573204464706
0.3706744868035191	0.3688610726733894
0.3729227761485826	0.37464436291415765
0.37556207233626593	0.37619597736899796
0.37761485826001956	0.37591386564993606
0.3766373411534702	0.3526396488273321
0.37595307917888565	0.34445840897453806
0.37810361681329424	0.35405020742264154
0.3803519061583578	0.35941033008481693
0.3827956989247312	0.3647704527469924
0.38504398826979475	0.3705537429877606
0.387781036168133	0.37450330705462676
0.3897360703812317	0.37986342971680215
0.3918866080156403	0.38042765315492594
0.3944281524926686	0.3816971558907043
0.3967741935483871	0.38748044613147253
0.39951124144672534	0.3895962840244366
0.40166177908113393	0.39326373637224077
0.4038123167155425	0.39382795981036456
0.40625610948191593	0.3958027418437976
0.4085043988269795	0.3984828031748853
0.4110459433040078	0.4003165293487875
0.41319648093841643	0.40299659067987526
0.415347018572825	0.4039839816965918
0.41788856304985333	0.4055355961514319
0.42023460410557184	0.4092030484992362
0.42277614858260015	0.40976727193736
0.42482893450635384	0.41075466295407653
0.4270772238514174	0.41287050084704047
0.4299120234604105	0.41526845045906635
0.43216031280547407	0.41780745593062313
0.43479960899315734	0.4193590703854634
0.432258064516129	0.38804466956959627
0.43401759530791784	0.3955206301247357
0.43665689149560116	0.4008807527869112
0.43890518084066465	0.407510378184865
0.441544477028348	0.41075466295407653
0.44340175953079175	0.411742053970793
0.4456500488758553	0.4166790090543756
0.4481915933528836	0.4192180145259325
0.4505376344086021	0.4214749082784274
0.45307917888563043	0.42218018757608206
0.4552297165200391	0.42443708132857705
0.45747800586510257	0.42810453367638124
0.4601173020527859	0.42993825985028333
0.4623655913978494	0.4337467680576186
0.4647116324535679	0.43304148875996396
0.46695992179863144	0.43261832118137117
0.46920821114369504	0.4365678852482372
0.4718475073313783	0.439247946579325
0.4742913000977517	0.44108167275322707
0.4763440860215054	0.44051744931510334
0.4787878787878788	0.44319751064619106
0.4809384164222874	0.44587757197727884
0.4835777126099707	0.44742918643211904
0.4860215053763441	0.4503913594822686
0.4880742913000978	0.45053241534179955
0.4909090909090909	0.45476409112772753
0.4933528836754643	0.45109663877992334
0.4913000977517107	0.4226033551546749
0.48866080156402736	0.4003165293487875
0.4863147605083089	0.38155610003117346
0.4835777126099707	0.3671684023590182
0.4814271749755621	0.3546144308607652
0.47917888563049854	0.3479848054628113
0.4768328445747801	0.3381108952956461
0.4743890518084067	0.3286601527070736
0.4718475073313783	0.3223126390281816
0.46959921798631477	0.3145545667539803
0.46764418377321604	0.3101818351085214
0.4650048875855327	0.3052448800249387
0.46285434995112407	0.29932053392463953
0.459921798631476	0.29325513196480946
0.45796676441837725	0.28972873547653605
0.45581622678396866	0.285638115550139
0.4529814271749755	0.2795727135903089
0.4505376344086021	0.27548209366391185
0.4480938416422287	0.27280203233282413
0.4464320625610948	0.2696988034231437
0.4439882697947214	0.26574923935627753
0.441446725317693	0.26194073114894234
0.4390029325513196	0.25770905536301436
0.43636363636363634	0.2536184354366173
0.4346041055718475	0.2546058264533338
0.4328445747800586	0.25785011122254525
0.43479960899315734	0.2766105405401593
0.43235581622678393	0.26574923935627753
0.4300097751710655	0.2595427815369165
0.4278592375366569	0.2534773795770864
0.4253176930596285	0.24656564246007068
0.42267839687194525	0.24275713425273543
0.4204301075268817	0.23852545846680745
0.4182795698924731	0.2365506764333744
0.4159335288367546	0.2326011123665083
0.41358748778103616	0.22808732486151845
0.4109481915933529	0.22385564907559044
0.40869990224828934	0.2210345318849718
0.40664711632453565	0.22145769946356458
0.40439882697947216	0.21793130297529126
0.40175953079178883	0.21299434789170862
0.3992179863147605	0.21017323070109
0.39706744868035193	0.20749316937000226
0.3949169110459433	0.20565944319610013
0.39227761485826	0.20410782874125982
0.39002932551319647	0.20015826467439374
0.38758553274682306	0.1973371474837751
0.3852394916911046	0.19691397990518228
0.383088954056696	0.19423391857409453
0.3806451612903226	0.19084857794535218
0.3782991202346041	0.1871811255975479
0.37565982404692083	0.1857705670022386
0.3758553274682307	0.20509521975797637
0.3782013685239492	0.21962397328966246
0.37565982404692083	0.20918583968437346
0.3733137829912024	0.19973509709580095
0.37057673509286415	0.1926823041192543
0.36852394916911047	0.19042541036675936
0.366177908113392	0.18577056700223857
0.36363636363636365	0.18139783535677964
0.36119257086999024	0.17617876855413514
0.3591397849462366	0.1746271540992949
0.3567937438905181	0.17237026034679995
0.3542521994134898	0.16729224940368637
0.3518084066471164	0.1657406349488461
0.3497556207233627	0.16235529432010373
0.34750733137829914	0.16207318260104187
0.3448680351906158	0.15854678611276857
0.34261974584555227	0.1557256689221499
0.339980449657869	0.1521992724338766
0.33773216031280545	0.14867287594560324
0.33558162267839686	0.14980132282185069
0.33313782991202345	0.14824970836701043
0.3308895405669599	0.14415908844061337
0.32834799608993154	0.14260747398577314
0.3260019550342131	0.1411969153904638
0.32404692082111436	0.13879896577843795
0.3214076246334311	0.13724735132359767
0.3190615835777126	0.13541362514969554
0.32033235581622677	0.15981628884854696
0.31945259042033236	0.15840573025323762
0.3173998044965787	0.15078871383856723
0.3147605083088954	0.1451464794573299
0.31221896383186704	0.13879896577843792
0.3096774193548387	0.13597784858781928
0.30772238514174	0.13597784858781928
0.30557184750733135	0.1308998376447057
0.3028347996089932	0.12807872045408702
0.30058651026392963	0.1252576032634684
0.29804496578690126	0.12243648607284971
0.29599217986314763	0.12314176537050439
0.293841642228739	0.11961536888223108
0.2913000977517107	0.11862797786551453
0.2890518084066471	0.11481946965817935
0.2868035190615836	0.1146784137986484
0.28426197458455527	0.11467841379864843
0.2820136852394917	0.11002357043412765
0.2793743890518084	0.10917723527694205
0.2770283479960899	0.10762562082210178
0.2748778103616813	0.10917723527694205
0.27253176930596285	0.107202453243509
0.27047898338220916	0.10424028019335937
0.26774193548387093	0.10339394503617379
0.2652981427174975	0.10184233058133355
0.2635386119257087	0.10297077745758099
0.2608015640273705	0.10240655401945727
0.23558162267839688	0.0
0.23040078201368522	0.0
0.22864125122189635	0.0
0.22678396871945256	0.0007052792976546642
0.22482893450635383	0.009168630869510636
0.22267839687194524	0.021017323070108996
0.22062561094819158	0.03216073597305269
0.21847507331378296	0.03963669652819214
0.21652003910068424	0.045702098488022244
0.2145650048875855	0.050074830133481164
0.21241446725317692	0.05515284107659475
0.21036168132942326	0.05994874030064647
0.2081133919843597	0.061077187176893935
0.20576735092864123	0.06319302506985794
0.20410557184750733	0.06700153327719312
0.2021505376344086	0.06855314773203337
0.19980449657869012	0.06798892429390965
0.19775171065493646	0.0708100414845283
0.19530791788856305	0.07095109734405922
0.1932551319648094	0.07320799109655415
0.190811339198436	0.07292587937749229
0.18826979472140765	0.07377221453467789
0.1860215053763441	0.07377221453467789
0.18377321603128055	0.07532382898951814
0.18162267839687196	0.07743966688248215
0.1793743890518084	0.07617016414670374
0.17644183773216032	0.07560594070858002
0.17390029325513198	0.07560594070858001
0.17204301075268816	0.07927339305638428
0.17331378299120237	0.10536872706960684
0.1724340175953079	0.10282972159805008
0.1697947214076246	0.09746959893587462
0.1673509286412512	0.09323792314994662
0.16529814271749754	0.09168630869510637
0.16285434995112413	0.08957047080214238
0.16050830889540565	0.08674935361152372
0.15796676441837731	0.08562090673527625
0.15591397849462366	0.08689040947105464
0.15386119257087	0.08547985087574532
0.15112414467253177	0.08406929228043598
0.1487781036168133	0.0823766219660648
0.14623655913978495	0.0823766219660648
0.14447702834799608	0.08421034813996692
0.14203323558162267	0.08336401298278132
0.13958944281524927	0.08308190126371946
0.13734115347018572	0.08167134266841013
0.1346041055718475	0.08068395165169359
0.1324535679374389	0.08378718056137413
0.13040078201368524	0.08279978954465758
0.127663734115347	0.08265873368512666
0.12561094819159335	0.08138923094934827
0.12316715542521994	0.08308190126371946
0.12091886608015641	0.08336401298278133
0.118475073313783	0.08181239852794106
0.11612903225806452	0.081953454387472
0.11446725317693059	0.09041680595932797
0.11808406647116325	0.12285965365144254
0.11593352883675463	0.11228046418662256
0.11339198435972628	0.10494555949101406
0.11094819159335287	0.09930332510977674
0.10840664711632453	0.09464848174525595
0.1064516129032258	0.09521270518337968
0.10400782013685239	0.09309686729041569
0.10166177908113391	0.09083997353792075
0.09912023460410557	0.08942941494261143
0.09696969696969697	0.0892883590830805
0.09491691104594331	0.08787780048777118
0.0921798631476051	0.08745463290917838
0.08993157380254155	0.08660829775199277
0.08778103616813296	0.08604407431386904
0.08543499511241445	0.08717252119011651
0.08347996089931572	0.08618513017339999
0.08064516129032258	0.08562090673527625
0.07820136852394917	0.08378718056137412
0.07575757575757576	0.08421034813996692
0.07370478983382209	0.0857619625948072
0.07174975562072336	0.08519773915668345
0.06911045943304008	0.08491562743762157
0.0667644183773216	0.08406929228043598
0.06432062561094819	0.08336401298278133
0.06217008797653959	0.08604407431386904
0.06001955034213099	0.08435140399949784
0.05884652981427174	0.0974695989358746
0.05982404692082112	0.10917723527694204
0.05757575757575757	0.1035350008957047
0.05522971652003909	0.1004317719860242
0.053176930596285435	0.09408425830713223
0.05043988269794721	0.09196842041416822
0.04809384164222874	0.09069891767838983
0.04623655913978495	0.08914730322354956
0.04408602150537635	0.08942941494261143
0.042228739002932544	0.0892883590830805
0.03988269794721407	0.08759568876870931
0.03773216031280548	0.08604407431386904
0.03577712609970675	0.08660829775199277
0.03372434017595308	0.08519773915668345
0.031573802541544474	0.08505668329715252
0.02991202346041056	0.08392823642090506
0.027468230694037143	0.08449245985902878
0.025415444770283478	0.08421034813996692
0.02346041055718475	0.08491562743762159
0.021016617790811338	0.08209451024700293
0.019257086999022482	0.08350506884231226
0.01710654936461388	0.08308190126371946
0.01495601173020528	0.08181239852794106
0.013098729227761485	0.08167134266841014
0.011045943304007818	0.08251767782559573
0.00850439882697947	0.08138923094934827
0.006549364613880744	0.07997867235403894
0.00469208211143695	0.08068395165169359
0.0028347996089931574	0.08054289579216267
0.000879765395894428	0.07997867235403894
0.0	0.08830096806636396
0.001466275659824047	0.10748456496257083
0.0032258064516129032	0.12582182670159212
0.005278592375366568	0.13894002163796887
0.007233626588465297	0.15135293727669097
0.009384164222873899	0.16136790330338718
0.011436950146627567	0.16884386385852665
0.013587487781036167	0.17589665683507327
0.015640273704789834	0.1819620587949034
0.01759530791788856	0.1877453490356716
0.019648093841642227	0.19127174552394494
0.021798631476050833	0.19437497443362545
0.023949169110459433	0.19917087365767722
0.02619745845552297	0.2028383260054815
0.028152492668621697	0.20453099631985266
0.02991202346041056	0.20692894593187852
0.03225806451612903	0.21045534242015185
0.034408602150537634	0.2124301244535849
0.03636363636363636	0.21341751547030147
0.038514173998044965	0.2169439119585747
0.04056695992179863	0.2172260236776366
0.04271749755620724	0.2193418615706006
0.04486803519061584	0.22004714086825525
0.04682306940371457	0.22173981118262645
0.04887585532746823	0.22427881665418328
0.05131964809384164	0.2239967049351214
0.05347018572825024	0.22540726353043067
0.05591397849462365	0.2279462690019875
0.058357771260997074	0.22949788345682776
0.06001955034213099	0.22441987251371417
0.058064516129032254	0.2028383260054815
0.0603128054740958	0.21045534242015185
0.06275659824046921	0.21736707953716755
0.06520039100684262	0.22244509048028113
0.06754643206256108	0.22695887798527098
0.06959921798631476	0.22639465454714722
0.07204301075268818	0.22921577173776592
0.07438905180840664	0.2317547772093227
0.076930596285435	0.23358850338322484
0.07927663734115346	0.23415272682134858
0.08123167155425219	0.23640962057384346
0.08387096774193548	0.23697384401196722
0.08611925708699904	0.23880757018586932
0.0884652981427175	0.23965390534305492
0.09081133919843598	0.2390896819049312
0.09286412512218964	0.2403591846407096
0.09550342130987292	0.24191079909554986
0.0978494623655914	0.2441676928480448
0.10039100684261974	0.24459086042663758
0.10244379276637341	0.24346241355039008
0.10439882697947214	0.24501402800523037
0.10713587487781036	0.24529613972429226
0.10957966764418377	0.24698881003866346
0.11192570869990223	0.24825831277444185
0.11407624633431084	0.24614247488147784
0.11622678396871944	0.24854042449350372
0.11691104594330401	0.23119055377119896
0.11446725317693059	0.21398173890842517
0.11671554252199415	0.22244509048028113
0.11896383186705768	0.22766415728292566
0.12121212121212122	0.23570434127618883
0.1238514173998045	0.23852545846680745
0.12619745845552297	0.2424750225336736
0.12834799608993158	0.2433213576908592
0.13069403714565003	0.24388558112898293
0.13284457478005865	0.24741197761725625
0.13558162267839685	0.24924570379115835
0.13792766373411533	0.25150259754365323
0.139980449657869	0.2498099272292821
0.14242424242424243	0.25079731824599866
0.14447702834799608	0.25390054715567917
0.14731182795698924	0.25404160301521006
0.14965786901270772	0.25460582645333385
0.15161290322580645	0.2548879381723957
0.1541544477028348	0.25573427332958126
0.15640273704789834	0.2579911670820762
0.15894428152492668	0.2586964463797309
0.16119257086999023	0.2571448319248906
0.16324535679374388	0.2581322229416072
0.16588465298142716	0.2586964463797309
0.1681329423264907	0.2622228428680042
0.17077223851417397	0.26222284286800424
0.1728250244379277	0.26109439599175677
0.17262952101661777	0.2424750225336736
0.1728250244379277	0.23669173229290533
0.17497556207233628	0.2441676928480448
0.17751710654936464	0.24910464793162745
0.1795698924731183	0.25037415066740587
0.18191593352883678	0.25390054715567917
0.18465298142717498	0.2565806084867669
0.18670576735092864	0.2595427815369165
0.18914956011730205	0.2592606698178546
0.1913978494623656	0.25982489325597835
0.19364613880742915	0.2632102338847207
0.19648093841642228	0.2641976249014372
0.1986314760508309	0.26687768623252495
0.20068426197458455	0.2649029041990919
0.20312805474095796	0.26631346279440127
0.20547409579667644	0.26744190967064874
0.2081133919843597	0.2681471889683034
0.21036168132942326	0.2716735854565767
0.21241446725317692	0.268993524125489
0.2150537634408602	0.2698398592826746
0.21730205278592374	0.2722378088947005
0.21984359726295208	0.2720967530351695
0.2219941348973607	0.2728020323328242
0.22424242424242422	0.2726609764732932
0.22697947214076244	0.2747768143662572
0.22932551319648092	0.27618737296156654
0.23186705767350926	0.27675159639969027
0.256891495601173	0.44785235401071183
0.2624633431085044	0.40793354576345786
0.26510263929618766	0.38127398831211157
0.26744868035190617	0.3647704527469924
0.2699902248289345	0.35094697851296097
0.2718475073313783	0.3395214538909554
0.2740957966764418	0.33204549333581596
0.2765395894428152	0.32640325895457867
0.2788856304985337	0.32245369488771247
0.281427174975562	0.3187862425399083
0.28347996089931576	0.31483667847304214
0.2859237536656892	0.3149777343325731
0.28856304985337244	0.3135671757372637
0.29071358748778103	0.3139903433158565
0.2932551319648094	0.3113102819847689
0.29521016617790813	0.3094765558108667
0.2973607038123167	0.31145133784429974
0.3002932551319648	0.31272084058007815
0.30263929618768326	0.3135671757372638
0.30469208211143695	0.31145133784429974
0.3069403714565005	0.3128618964396091
0.30928641251221894	0.31511879019210404
0.31173020527859235	0.3158240694897587
0.3142717497556207	0.31892729839943923
0.31632453567937435	0.3176577956636608
0.3188660801564027	0.319350465978032
0.3205278592375366	0.31582406948975866
0.3188660801564027	0.2945246347005879
0.3209188660801564	0.3011542600985416
0.3231671554252199	0.3051038241654078
0.32570869990224827	0.31102817026570695
0.3279569892473118	0.3163882929278824
0.3304985337243401	0.3196325776970938
0.33264907135874877	0.32132524801146506
0.33489736070381226	0.32400530934255284
0.3373411534701857	0.32654431481410956
0.3394916911045943	0.3314812698976922
0.34232649071358745	0.3348666105264346
0.3442815249266863	0.33430238708831095
0.34662756598240474	0.3386751187337698
0.3489736070381232	0.34149623592438844
0.3514173998044966	0.34488157655313084
0.35386119257087	0.3460100234293783
0.35601173020527865	0.34685635858656394
0.3583577712609971	0.3505238109343682
0.3608993157380255	0.35306281640592496
0.36314760508308896	0.3574355480513839
0.36549364613880747	0.35771765977044573
0.367741935483871	0.3585639949276313
0.37008797653958947	0.3619493355563737
0.37262952101661784	0.3657578437637089
0.3749755620723363	0.36956635197104415
0.3771260997067449	0.36872001681385846
0.37761485826001956	0.35376809570357964
0.375366568914956	0.3352897781050274
0.3777126099706745	0.34445840897453806
0.3801564027370479	0.3512290902320228
0.38220918866080156	0.357153436332322
0.3847507331378299	0.3615261679777809
0.3870967741935484	0.36688629063995637
0.3894428152492669	0.3708358547068225
0.39178885630498533	0.37295169259978644
0.39364613880742916	0.37450330705462676
0.39628543499511243	0.37859392698102384
0.39872922776148584	0.38212032346929714
0.4013685239491691	0.3846593289408539
0.40361681329423266	0.38578777581710144
0.4053763440860215	0.38832678128865816
0.4080156402737048	0.3893141723053747
0.41036168132942324	0.3922763453555243
0.41319648093841643	0.3953795742652048
0.41495601173020524	0.3939690156698955
0.41730205278592375	0.39777752387723064
0.419941348973607	0.40017547348925653
0.42218963831867057	0.4021502555226896
0.424535679374389	0.40271447896081336
0.42678396871945257	0.4020091996631587
0.4290322580645161	0.407510378184865
0.43176930596285434	0.4083567133420506
0.43421309872922775	0.41160099811126216
0.43294232649071357	0.3860698875361632
0.433822091886608	0.38494144065991576
0.43587487781036166	0.3922763453555243
0.4386119257086999	0.39763646801769975
0.44095796676441834	0.40299659067987526
0.443010752688172	0.40271447896081336
0.44545454545454544	0.4065229871681485
0.44750733137829907	0.4114599422517312
0.45034213098729226	0.4123062774089168
0.45259042033235575	0.41456317116141167
0.45464320625610943	0.4166790090543757
0.4571847507331378	0.4186537910878087
0.45953079178885625	0.422321243435613
0.46197458455522966	0.42443708132857705
0.4643206256109481	0.42612975164294814
0.4663734115347018	0.42471919304763894
0.4689149560117302	0.4271171426596648
0.47116324535679377	0.43163093016465465
0.473900293255132	0.43304148875996384
0.4758553274682307	0.43261832118137117
0.4782013685239492	0.43600366181011346
0.48084066471163245	0.4369910528268301
0.4829912023460411	0.4400942817365105
0.48563049853372436	0.4427743430675982
0.487683284457478	0.44263328720806727
0.4903225806451613	0.4460186278368098
0.49315738025415445	0.44686496299399525
0.4916911045943304	0.4214749082784274
0.48944281524926686	0.39664907700098323
0.4868035190615836	0.3783118152619619
0.4842619745845552	0.3616672238373118
0.48162267839687195	0.3505238109343682
0.47947214076246336	0.34276573866016685
0.47751710654936463	0.33232760505487785
0.4747800586510264	0.3242874210616147
0.47253176930596286	0.3156830136302277
0.46999022482893454	0.30877127651321207
0.4677419354838709	0.3056680476035315
0.46568914956011725	0.2990384222055777
0.463049853372434	0.29480674641964966
0.4606060606060606	0.28690761828591743
0.458357771260997	0.2839454452357678
0.4561094819159335	0.281547495623742
0.4539589442815249	0.2740715350686026
0.4510263929618768	0.2704040827207983
0.4486803519061583	0.26631346279440127
0.44672531769305956	0.26462079248003006
0.44418377321603125	0.2617996752894114
0.44213098729227757	0.25672166434629784
0.43929618768328443	0.2539005471556791
0.4369501466275659	0.24854042449350375
0.4348973607038123	0.24910464793162745
0.4325513196480938	0.24642458660053973
0.4349951124144672	0.2735073116304788
0.43264907135874875	0.2623638987275351
0.4303030303030303	0.25488793817239574
0.4284457478005865	0.2493867596506893
0.4255131964809384	0.24360346940992103
0.42326490713587483	0.23810229088821466
0.4208211143695014	0.23471695025947228
0.41867057673509284	0.23189583306885364
0.41652003910068425	0.22851049244011126
0.413782991202346	0.224843040092307
0.4117302052785924	0.21948291743013154
0.40909090909090906	0.21708496781810566
0.40694037145650047	0.21708496781810566
0.40498533724340174	0.21398173890842515
0.40205278592375365	0.2103142865606209
0.39990224828934506	0.20608261077469292
0.39745845552297165	0.20382571702219798
0.3952101661779081	0.20269727014595054
0.39286412512218966	0.19973509709580092
0.3903225806451613	0.19776031506236785
0.3881720430107527	0.19366969513597082
0.38563049853372433	0.19296441583831617
0.38347996089931574	0.19169491310253778
0.3811339198435973	0.1874632373166098
0.3785923753665689	0.18520634356411483
0.3763440860215054	0.1823852263734962
0.3749755620723363	0.19282335997878525
0.3785923753665689	0.21990608500872436
0.37624633431085047	0.20735211351047136
0.37350928641251224	0.19931192951720814
0.37135874877810365	0.1897201310691047
0.3688172043010753	0.18788640489520256
0.36647116324535683	0.18393684082833647
0.36432062561094825	0.1788588298852229
0.36158357771261	0.17505032167788767
0.3594330400782014	0.17194709276820716
0.3574780058651027	0.170113366594305
0.35474095796676447	0.16602274666790798
0.3524926686217009	0.16277846189869655
0.3497556207233627	0.16122684744385626
0.3480938416422288	0.15953417712948506
0.3455522971652004	0.15628989236027363
0.34310850439882695	0.15375088688871683
0.3405669599217986	0.1502244904004435
0.33802541544477027	0.14754442906935578
0.3359726295210166	0.14754442906935578
0.333822091886608	0.14613387047404644
0.3311827956989247	0.14317169742389685
0.3289345063538612	0.1403505802332782
0.3263929618768328	0.1390810774974998
0.3244379276637341	0.138657909918907
0.32209188660801563	0.13541362514969552
0.31945259042033236	0.13414412241391716
0.3198435972629521	0.15219927243387657
0.3198435972629521	0.15755939509605202
0.3176930596285435	0.15163504899575284
0.3152492668621701	0.14430014430014432
0.3126099706744868	0.13837579819984516
0.3102639296187683	0.13456728999250994
0.3081133919843597	0.13428517827344807
0.30596285434995113	0.13118194936376756
0.3035190615835777	0.12680921771830864
0.30097751710654935	0.12455232396581373
0.29853372434017594	0.12116698333707135
0.2964809384164223	0.12144909505613319
0.2941348973607038	0.12003853646082388
0.2919843597262952	0.11693530755114334
0.28934506353861195	0.11481946965817935
0.28719452590420336	0.11326785520333908
0.2850439882697947	0.11312679934380816
0.28230694037145654	0.11058779387225137
0.28005865102639294	0.10776667668163271
0.2772238514173998	0.10720245324350897
0.2752688172043011	0.10818984426022552
0.2732160312805474	0.10593295050773059
0.2705767350928641	0.10494555949101406
0.26842619745845553	0.10240655401945727
0.2657869012707722	0.10057282784555514
0.26373411534701857	0.10254760987898819
0.261485826001955	0.10113705128367886
0.24115347018572825	0.0205941554915162
0.23079178885630497	0.0
0.22893450635386117	0.0
0.22707722385141738	0.00028211171906186575
0.22521994134897358	0.00592434610029918
0.22316715542521992	0.018055150019959405
0.22111436950146626	0.029480674641964973
0.2190615835777126	0.03737980277569721
0.216911045943304	0.04372731645458918
0.21485826001955033	0.0502158859930121
0.21280547409579667	0.05374228248128542
0.210752688172043	0.058820293424399005
0.2086021505376344	0.06023085201970833
0.2067448680351906	0.06192352233407954
0.20439882697947215	0.06601414226047657
0.20263929618768328	0.06798892429390964
0.20019550342130987	0.06841209187250244
0.19814271749755621	0.06968159460828083
0.19589442815249267	0.0703868739059355
0.19364613880742915	0.07081004148452828
0.19120234604105574	0.07306693523702322
0.18905180840664712	0.07207954422030668
0.18690127077223853	0.07617016414670374
0.18455522971652005	0.07588805242764188
0.18211143695014664	0.07518277312998721
0.1795698924731183	0.07631122000623468
0.17702834799608996	0.07546488484904908
0.17507331378299124	0.0772986110229512
0.1726295210166178	0.07758072274201308
0.17292277614858262	0.09732854307634367
0.17282502443792766	0.10367605675523565
0.1705767350928641	0.09930332510977674
0.16852394916911045	0.09507164932384875
0.16578690127077222	0.0909810293974517
0.16314760508308895	0.08787780048777119
0.16070381231671554	0.08717252119011651
0.1590420332355816	0.08689040947105466
0.15650048875855327	0.0859030184543381
0.15405669599217986	0.08491562743762157
0.15171065493646138	0.08279978954465758
0.14926686217008797	0.08223556610653386
0.14740957966764417	0.08519773915668345
0.14496578690127077	0.08336401298278133
0.14252199413489736	0.08251767782559573
0.14007820136852395	0.08138923094934826
0.13773216031280547	0.08322295712325038
0.13548387096774192	0.08322295712325038
0.13313782991202344	0.08138923094934826
0.1305962854349951	0.08167134266841013
0.12825024437927662	0.08110711923028639
0.1260019550342131	0.08364612470184318
0.12375366568914956	0.08350506884231226
0.12160312805474097	0.081953454387472
0.11886608015640274	0.08096606337075547
0.11642228739002933	0.08054289579216267
0.11456500488758552	0.08364612470184318
0.11681329423264908	0.11764058684879801
0.11642228739002933	0.11411419036052468
0.11378299120234603	0.10649717394585431
0.11143695014662755	0.100854939564617
0.10938416422287389	0.09803382237399834
0.10684261974584555	0.09535376104291061
0.10469208211143695	0.09225053213323009
0.1021505376344086	0.09041680595932797
0.1	0.09112208525698264
0.09794721407624633	0.0897115266616733
0.09530791788856305	0.08787780048777119
0.09286412512218964	0.08590301845433812
0.09042033235581623	0.0857619625948072
0.08866080156402738	0.08745463290917839
0.08621700879765395	0.08674935361152371
0.0836754643206256	0.0857619625948072
0.08142717497556207	0.08421034813996692
0.07869012707722385	0.08350506884231226
0.07653958944281525	0.08604407431386905
0.07438905180840664	0.08477457157809065
0.07204301075268818	0.08505668329715252
0.06969696969696969	0.08378718056137413
0.06744868035190615	0.08505668329715252
0.06520039100684262	0.08519773915668345
0.06275659824046921	0.08350506884231226
0.0603128054740958	0.08350506884231226
0.05855327468230694	0.08914730322354956
0.06080156402737048	0.11312679934380816
0.058260019550342136	0.10480450363148312
0.05601173020527859	0.09888015753118394
0.053372434017595304	0.09450742588572503
0.050928641251221894	0.0909810293974517
0.04897360703812317	0.09182736455463729
0.04672531769305963	0.08914730322354958
0.04457478005865103	0.08914730322354958
0.04271749755620723	0.08844202392589492
0.04046920821114369	0.08660829775199277
0.03831867057673509	0.08618513017339997
0.0364613880742913	0.08562090673527625
0.03421309872922776	0.08562090673527625
0.03186705767350929	0.0846335157185597
0.030303030303030304	0.08449245985902878
0.028054740957966767	0.08463351571855973
0.026001955034213098	0.08378718056137413
0.0238514173998045	0.08378718056137412
0.021700879765395892	0.08124817508981733
0.019745845552297164	0.08251767782559573
0.0176930596285435	0.08279978954465758
0.015347018572825024	0.0823766219660648
0.013294232649071359	0.08138923094934827
0.011534701857282502	0.081953454387472
0.0093841642228739	0.0815302868088792
0.007331378299120235	0.07969656063497707
0.005278592375366568	0.08054289579216267
0.0032258064516129032	0.07955550477544614
0.0013685239491691102	0.08011972821356987
9.775171065493646e-05	0.0823766219660648
0.0006842619745845552	0.1012781071432098
0.002541544477028348	0.11947431302270013
0.004496578690127077	0.13414412241391716
0.0065493646138807425	0.14698020563123207
0.008406647116324535	0.15699517165792826
0.010654936461388074	0.16588169080837706
0.012707722385141739	0.17349870722304744
0.01466275659824047	0.17970516504240847
0.016715542521994135	0.1842189525473983
0.0187683284457478	0.18972013106910468
0.02101661779081134	0.1926823041192543
0.023167155425219944	0.19776031506236785
0.025122189638318672	0.20015826467439374
0.027370478983382206	0.2036846611626671
0.029423264907135878	0.20594155491516197
0.030987292277614858	0.2094679514034353
0.033235581622678395	0.2105963982796828
0.03558162267839687	0.21285329203217768
0.03782991202346041	0.21595652094185822
0.039784946236559135	0.21680285609904382
0.04173998044965786	0.21779024711576037
0.04398826979472141	0.2193418615706006
0.04594330400782014	0.22131664360403364
0.0479960899315738	0.222727202199343
0.05053763440860215	0.22470198423277604
0.05249266862170088	0.2228682580588739
0.05483870967741935	0.2275231014233947
0.057380254154447696	0.22836943658058032
0.05982404692082112	0.2300621068949515
0.05865102639296188	0.20636472249375476
0.05943304007820137	0.20636472249375482
0.06158357771260997	0.21511018578467261
0.06432062561094819	0.22032925258731711
0.0667644183773216	0.22526620767089978
0.0689149560117302	0.22625359868761633
0.0710654936461388	0.22724098970433282
0.07331378299120235	0.2309084420521371
0.07595307917888564	0.23274216822603924
0.07839687194525904	0.23471695025947228
0.0804496578690127	0.23415272682134852
0.08289345063538611	0.23598645299525067
0.08504398826979473	0.23838440260727656
0.08758553274682308	0.2390896819049312
0.09002932551319649	0.23965390534305495
0.09198435972629522	0.2390896819049312
0.09452590420332356	0.2402181287811787
0.0967741935483871	0.2441676928480448
0.09941348973607038	0.24402663698851385
0.10166177908113391	0.24416769284804482
0.10361681329423264	0.2436034694099211
0.106158357771261	0.24430874870757574
0.10840664711632453	0.24642458660053967
0.11114369501466274	0.24769408933631812
0.11319648093841642	0.24684775417913252
0.11544477028347995	0.24783514519584907
0.11788856304985337	0.24825831277444182
0.11407624633431084	0.20848056038671875
0.11603128054740956	0.21990608500872436
0.11788856304985337	0.22470198423277604
0.12033235581622678	0.23246005650697735
0.12297165200391007	0.2365506764333744
0.1252199413489736	0.24134657565742615
0.12756598240469208	0.24346241355039014
0.12971652003910067	0.24261607839320454
0.13186705767350929	0.24557825144335413
0.1346041055718475	0.2472709217577253
0.13685239491691104	0.25122048582459144
0.13919843597262951	0.250092038948344
0.141544477028348	0.2502330948078749
0.1436950146627566	0.2529131561389626
0.14633431085043988	0.25319526785802454
0.14858260019550343	0.25531110575098853
0.15083088954056695	0.2534773795770863
0.15317693059628543	0.25559321747005037
0.1555229716520039	0.25700377606535973
0.15806451612903225	0.25756799950348347
0.1603128054740958	0.25799116708207626
0.16226783968719452	0.2572858877844216
0.16480938416422286	0.25827327880113804
0.1673509286412512	0.2609533401322258
0.1697947214076246	0.26123545185128766
0.17204301075268819	0.2616586194298805
0.17350928641251223	0.25432371473427196
0.17174975562072334	0.23302427994510108
0.17409579667644187	0.24106446393836425
0.1766373411534702	0.24642458660053973
0.1787878787878788	0.249950983088813
0.18103616813294235	0.2527721002794317
0.1835777126099707	0.2554521616105194
0.18582600195503424	0.25855539052019993
0.18836754643206258	0.2595427815369165
0.1903225806451613	0.258414334660669
0.19257086999022482	0.26137650771081866
0.19540566959921798	0.26433868076096817
0.19775171065493646	0.26532607177768475
0.20009775171065494	0.2651850159181538
0.20205278592375367	0.26504396005862285
0.20439882697947215	0.26715979795158684
0.20703812316715542	0.2677240213897106
0.20957966764418376	0.2704040827207983
0.21173020527859238	0.2694166917040818
0.21388074291300097	0.26857035654689615
0.2164222873900293	0.2713914737375148
0.21886608015640271	0.27195569717563856
0.22130987292277612	0.2729430881923551
0.22326490713587485	0.27096830615892203
0.22590420332355815	0.27336625577094786
0.2282502443792766	0.27576420538297375
0.2308895405669599	0.2760463171020356
0.24565004887585534	0.38550566409803955
0.261485826001955	0.4209106848403037
0.2640273704789834	0.3898783957434985
0.266080156402737	0.3706947988472916
0.2689149560117302	0.3561660453156055
0.2710654936461388	0.34389418553641427
0.27331378299120235	0.33373816365018716
0.2756598240469208	0.3273906499712952
0.27800586510263925	0.3238642534830219
0.28044965786901266	0.31963257769709386
0.28250244379276634	0.31582406948975866
0.2850439882697947	0.3139903433158565
0.2875855327468231	0.31272084058007815
0.28963831867057677	0.31300295229914005
0.2924731182795699	0.31229767300148537
0.29423264907135877	0.30848916479415023
0.29638318670576735	0.3096176116703977
0.2989247311827957	0.31145133784429974
0.301564027370479	0.31257978472054726
0.30391006842619744	0.31102817026570695
0.30606060606060603	0.3121566171419544
0.3083088954056696	0.3127208405800782
0.3106549364613881	0.3137082315967946
0.3131964809384164	0.3169525163660062
0.3155425219941349	0.31709357222553713
0.31788856304985336	0.31751673980412987
0.3202346041055718	0.3201968011352176
0.31925708699902244	0.296217305014959
0.3201368523949169	0.2984741987674539
0.3219941348973607	0.3014363718176035
0.32463343108504394	0.30750177377743365
0.32707722385141735	0.31314400815867094
0.32952101661779076	0.31652934878741334
0.3319648093841642	0.3196325776970939
0.33372434017595304	0.3221715831686507
0.3362658846529814	0.3242874210616146
0.3388074291300097	0.32767276169035703
0.34125122189638313	0.3317633816167541
0.3434995112414467	0.3321865491953469
0.3455522971652004	0.33528977810502736
0.3479960899315738	0.3381108952956461
0.3505376344086022	0.3413551800648575
0.3529814271749756	0.3422015152220431
0.3551319648093842	0.3438941855364143
0.3572825024437928	0.3478437496032804
0.3599217986314761	0.34967747577718256
0.36226783968719456	0.35306281640592496
0.36471163245356797	0.3556018218774818
0.36686217008797656	0.35475548672029616
0.36891495601173024	0.3582818832085695
0.3716520039100685	0.3618082796968428
0.3740957966764419	0.36547573204464706
0.37644183773216033	0.3660399554827708
0.3786901270772239	0.3673094582185492
0.3749755620723363	0.32767276169035703
0.376930596285435	0.33825195115517703
0.37917888563049856	0.346715302727033
0.3812316715542522	0.3510880343724919
0.3836754643206256	0.3564481570346674
0.386119257086999	0.36223144727543555
0.3885630498533724	0.36646312306136364
0.39081133919843597	0.37013057540916783
0.3927663734115347	0.3694252961115132
0.3952101661779081	0.3730927484593174
0.3977517106549365	0.3785939269810238
0.4002932551319648	0.38056870901445683
0.40283479960899315	0.38226137932882803
0.40449657869012706	0.3838129937836683
0.40733137829912025	0.38494144065991576
0.4093841642228739	0.38776255785053443
0.41192570869990225	0.3905836750411531
0.4142717497556207	0.3905836750411531
0.4163245356793744	0.3926995129341171
0.41896383186705766	0.39495640668661197
0.4212121212121212	0.3982006914558235
0.4236559139784946	0.39890597075347817
0.42561094819159334	0.39862385903441633
0.42815249266862165	0.40215025552268957
0.430791788856305	0.4037018699775299
0.4330400782013685	0.4070872106062723
0.4341153470185728	0.39523851840567387
0.4327468230694037	0.37831181526196195
0.43509286412512216	0.38649305511475607
0.4376344086021505	0.3912889543388077
0.439882697947214	0.3986238590344163
0.44232649071358743	0.39932913833207095
0.4444770283479961	0.4017270879440968
0.44672531769305956	0.4065229871681485
0.4493646138807429	0.40765143404439597
0.45122189638318666	0.4110367746731384
0.45366568914956007	0.4106136070945456
0.45620723362658844	0.41442211530188083
0.4585532746823069	0.41752534421156123
0.46109481915933526	0.4192180145259325
0.4631476050830889	0.42344969031186047
0.4654936461388074	0.4214749082784274
0.46783968719452584	0.422321243435613
0.47028347996089936	0.4269760868001338
0.4728250244379277	0.4282455895359122
0.4750733137829912	0.42965614813122155
0.47702834799608995	0.4314898743051236
0.4797653958944282	0.43360571219808763
0.48201368523949173	0.43558049423152073
0.484652981427175	0.4374142204054229
0.48690127077223855	0.43938900243885587
0.48905180840664714	0.441222728612758
0.49227761485826005	0.44531334853915505
0.49276637341153473	0.4292329805526287
0.4904203323558162	0.40186814380362773
0.4875855327468231	0.382402435188359
0.48533724340175954	0.36350095001121396
0.4826979472140763	0.3513701460915538
0.48035190615835777	0.3419194035029812
0.47829912023460414	0.3338792195097181
0.47575757575757577	0.32442847692114557
0.4736070381231672	0.315259846051635
0.4709677419354839	0.308771276513212
0.4686217008797654	0.30369326557009846
0.4666666666666666	0.2984741987674539
0.4639296187683284	0.29381935540293314
0.46197458455522966	0.2862023389882628
0.45913978494623653	0.28112432804514925
0.45708699902248284	0.27971376944983983
0.45493646138807425	0.27322519991141697
0.45210166177908107	0.2691345799850199
0.4497556207233626	0.26433868076096817
0.4473118279569892	0.26194073114894234
0.4452590420332355	0.26081228427269487
0.443010752688172	0.25601638504864316
0.44017595307917884	0.2534773795770863
0.43802541544477025	0.24698881003866346
0.4357771260997067	0.24642458660053973
0.43372434017595307	0.2451550838647613
0.43391984359726293	0.26109439599175677
0.43372434017595307	0.26405656904190633
0.43137829912023457	0.25375949129614817
0.429227761485826	0.2500920389483439
0.4265884652981427	0.24261607839320454
0.4241446725317693	0.23753806745009096
0.4216031280547409	0.23429378268087947
0.4196480938416422	0.22992105103542054
0.41739980449657865	0.2275231014233947
0.41495601173020524	0.2239967049351214
0.41251221896383183	0.2197650291491934
0.40987292277614856	0.21666180023951287
0.40772238514174	0.21496912992514167
0.4058651026392962	0.21369962718936328
0.4032258064516129	0.2091858396843734
0.40078201368523947	0.20537733147703827
0.3981427174975562	0.2028383260054815
0.39608993157380257	0.20058143225298655
0.3939393939393939	0.19818348264096067
0.39130009775171065	0.19606764474799668
0.3890518084066471	0.19352863927643987
0.38641251221896383	0.19084857794535218
0.3844574780058651	0.19169491310253775
0.3823069403714565	0.18760429317614072
0.3795698924731183	0.18393684082833645
0.37722385141739984	0.18139783535677964
0.37487781036168133	0.18125677949724875
0.37761485826001956	0.21553335336326543
0.37732160312805474	0.2094679514034353
0.37458455522971656	0.2004403763934556
0.37214076246334316	0.1918359689620687
0.36969696969696975	0.18689901387848604
0.3675464320625611	0.18421895254739834
0.3652981427174976	0.1788588298852229
0.3626588465298143	0.17448609823976396
0.3604105571847508	0.17053653417289785
0.35816226783968724	0.1699723107347741
0.35571847507331383	0.1665869701060317
0.3533724340175953	0.16179107088198
0.35073313782991206	0.1605215681462016
0.34877810361681333	0.15812361853417575
0.3465298142717498	0.15657200407933547
0.34408602150537637	0.1540329986077787
0.3417399804496578	0.15008343454091258
0.33900293255131964	0.1466980939121702
0.3367546432062561	0.1459928146145155
0.3347018572825024	0.14571070289545365
0.332258064516129	0.14373592086202058
0.32991202346041054	0.13978635679515447
0.3273704789833822	0.13823474234031422
0.32531769305962854	0.13767051890219045
0.32297165200391004	0.1351315134306337
0.3204301075268817	0.1338620106948553
0.31876832844574776	0.138657909918907
0.3207233626588465	0.1592520654104232
0.31867057673509286	0.15360983102918588
0.31632453567937435	0.1458517587549846
0.3135874877810362	0.13978635679515444
0.31133919843597263	0.1342851782734481
0.3089931573802541	0.1334388431162625
0.30674486803519063	0.13118194936376754
0.304594330400782	0.1270913294373705
0.3018572825024438	0.12455232396581373
0.29960899315738027	0.12144909505613319
0.29726295210166176	0.119756424741762
0.29501466275659827	0.11989748060129293
0.29266862170087976	0.11735847512973616
0.29051808406647117	0.11580686067489587
0.28807429130009776	0.1115751848889679
0.2858260019550342	0.11326785520333908
0.2832844574780059	0.11101096145084415
0.28093841642228734	0.10776667668163271
0.27839687194525903	0.107202453243509
0.2760508308895405	0.10692034152444711
0.2742913000977517	0.10593295050773058
0.2715542521994135	0.10452239191242126
0.269208211143695	0.10254760987898819
0.26666666666666666	0.10099599542414794
0.2645161290322581	0.10113705128367886
0.26256109481915935	0.1004317719860242
0.25268817204301075	0.0605129637387702
0.2314760508308895	0.0
0.22971652003910065	0.0
0.22785923753665688	0.0
0.22600195503421308	0.0018337261739021272
0.22414467253176928	0.01227185977919116
0.22209188660801563	0.02468477541791325
0.21974584555229715	0.03357129456836202
0.21798631476050828	0.0407651434044396
0.2158357771260997	0.04697160122380064
0.21378299120234603	0.05176750044785237
0.21163245356793742	0.055293896936125686
0.20957966764418376	0.05769184654815155
0.20733137829912024	0.060936131317362995
0.2053763440860215	0.06516780710329098
0.20332355816226783	0.06629625397953845
0.20127077223851417	0.0678478684343787
0.1992179863147605	0.07052792976546643
0.19696969696969696	0.06869420359156429
0.19481915933528837	0.07179743250124482
0.1921798631476051	0.07066898562499736
0.19022482893450637	0.07334904695608509
0.18807429130009776	0.07377221453467789
0.18553274682306942	0.07461854969186348
0.18318670576735094	0.07334904695608509
0.18074291300097753	0.07602910828717281
0.17859237536656894	0.07687544344435841
0.1760508308895406	0.07546488484904909
0.17370478983382212	0.07631122000623468
0.17184750733137827	0.08279978954465758
0.1739980449657869	0.107202453243509
0.1718475073313783	0.1012781071432098
0.16950146627565982	0.09521270518337968
0.16686217008797652	0.09112208525698264
0.16432062561094818	0.08717252119011651
0.16246334310850438	0.08886519150448771
0.15992179863147604	0.08717252119011651
0.1576735092864125	0.08505668329715252
0.15513196480938415	0.08421034813996692
0.15278592375366568	0.08406929228043598
0.15102639296187684	0.08308190126371946
0.14819159335288368	0.08336401298278133
0.14594330400782013	0.08209451024700293
0.14359726295210168	0.08195345438747201
0.14134897360703813	0.08322295712325038
0.13919843597262951	0.0823766219660648
0.13665689149560117	0.081953454387472
0.1341153470185728	0.08011972821356987
0.1316715542521994	0.08068395165169359
0.12942326490713588	0.08223556610653385
0.12746823069403715	0.08181239852794106
0.1249266862170088	0.08209451024700293
0.12248289345063539	0.08124817508981733
0.12013685239491692	0.08054289579216267
0.11788856304985337	0.08308190126371946
0.11564027370478983	0.08167134266841014
0.11495601173020527	0.10014966026696234
0.11739980449657869	0.11735847512973614
0.11495601173020527	0.10960040285553485
0.1129032258064516	0.10480450363148312
0.11055718475073313	0.09746959893587462
0.10791788856304985	0.09464848174525595
0.10557184750733137	0.09182736455463729
0.10361681329423264	0.09168630869510637
0.10117302052785923	0.09168630869510637
0.0989247311827957	0.08844202392589491
0.09638318670576736	0.08745463290917836
0.09374389051808407	0.08519773915668345
0.09198435972629522	0.08759568876870931
0.08934506353861194	0.08689040947105466
0.08748778103616814	0.08477457157809064
0.08475073313782991	0.08449245985902878
0.08240469208211143	0.0850566832971525
0.08035190615835777	0.08519773915668345
0.07771260997067449	0.08463351571855972
0.07546432062561095	0.08294084540418853
0.0729227761485826	0.08336401298278133
0.07086999022482894	0.0849156274376216
0.06881720430107527	0.08449245985902878
0.06617790811339198	0.08435140399949785
0.06392961876832845	0.08181239852794106
0.061290322580645165	0.08223556610653386
0.05933528836754644	0.08435140399949785
0.05933528836754644	0.10282972159805007
0.05913978494623656	0.10790773254116366
0.05698924731182795	0.09986754854790048
0.05454545454545454	0.09591798448103435
0.05239491691104594	0.09493059346431783
0.05004887585532747	0.09126314111651357
0.04760508308895406	0.08914730322354956
0.04565004887585533	0.0888651915044877
0.04359726295210166	0.08787780048777118
0.04164222873900293	0.08745463290917838
0.03929618768328445	0.08674935361152372
0.0375366568914956	0.084069292280436
0.03519061583577712	0.0846335157185597
0.03313782991202346	0.08421034813996692
0.03128054740957967	0.08322295712325038
0.02903225806451613	0.0836461247018432
0.0270772238514174	0.08364612470184318
0.024926686217008796	0.08251767782559573
0.022776148582600197	0.08223556610653385
0.020821114369501466	0.0815302868088792
0.01847507331378299	0.08209451024700294
0.016226783968719453	0.0815302868088792
0.01436950146627566	0.08082500751122453
0.012512218963831867	0.08167134266841014
0.010361681329423264	0.08054289579216266
0.008211143695014663	0.0802607840731008
0.0061583577712609975	0.07800389032060587
0.0039100684261974585	0.0802607840731008
0.0022482893450635386	0.07885022547779148
0.00039100684261974585	0.07885022547779147
0.00019550342130987292	0.09041680595932797
0.0018572825024437925	0.11058779387225137
0.0037145650048875855	0.12765555287549424
0.005571847507331379	0.14049163609280915
0.007624633431085044	0.15262244001246936
0.009872922776148582	0.16179107088198
0.011827956989247313	0.1708186458919597
0.014076246334310849	0.1758966568350733
0.016031280547409578	0.1816799470758415
0.01818181818181818	0.18746323731660977
0.020234604105571846	0.1905664662262903
0.02218963831867058	0.1943749744336255
0.024437927663734114	0.19860665021955348
0.026588465298142717	0.2019919908482959
0.028543499511241445	0.20481310803891453
0.030303030303030304	0.20636472249375476
0.032649071358748775	0.20918583968437346
0.03479960899315738	0.21172484515593024
0.03695014662756598	0.21257118031311584
0.03890518084066471	0.21609757680138916
0.04105571847507331	0.21652074437998192
0.043108504398826984	0.21849552641341502
0.044965786901270774	0.22004714086825525
0.047214076246334315	0.22103453188497185
0.049560117302052786	0.2230093139184049
0.05171065493646139	0.222727202199343
0.053861192570869985	0.22526620767089978
0.05650048875855327	0.22653571040667822
0.05874877810361682	0.22921577173776592
0.05982404692082112	0.21666180023951287
0.058455522971652005	0.20354360530313614
0.06080156402737048	0.2115837892963993
0.06324535679374389	0.21680285609904382
0.06559139784946236	0.22329142563746673
0.06813294232649071	0.22597148696855446
0.07008797653958944	0.22540726353043072
0.07253176930596286	0.22921577173776592
0.07497556207233627	0.23034421861401339
0.07732160312805474	0.23358850338322484
0.07966764418377321	0.23316533580463203
0.08191593352883675	0.23485800611900323
0.08426197458455523	0.23697384401196722
0.08670576735092865	0.23782017916915282
0.08885630498533725	0.24007707292164776
0.09120234604105573	0.23796123502868377
0.0935483870967742	0.2390896819049312
0.09589442815249268	0.24191079909554988
0.09843597262952102	0.24233396667414264
0.10068426197458455	0.24473191628616853
0.10283479960899315	0.2424750225336736
0.10527859237536656	0.24346241355039014
0.10762463343108504	0.24515508386476131
0.11006842619745845	0.24557825144335413
0.11221896383186705	0.24712986589819436
0.11436950146627564	0.24670669831960157
0.11700879765395895	0.24741197761725625
0.11573802541544478	0.22216297876121924
0.1150537634408602	0.21482807406561072
0.11710654936461388	0.22258614633981208
0.11925708699902249	0.22921577173776594
0.1219941348973607	0.23485800611900323
0.12424242424242424	0.23894862604540026
0.12678396871945258	0.2412055197978952
0.12883675464320626	0.2420518549550808
0.13098729227761485	0.2441676928480448
0.13362658846529812	0.24600141902194692
0.1359726295210166	0.24910464793162745
0.13841642228739	0.250092038948344
0.14056695992179863	0.24882253621256561
0.14261974584555231	0.2515025975436533
0.14545454545454545	0.2526310444199008
0.147702834799609	0.2540416030152101
0.1501466275659824	0.25305421199849354
0.15219941348973606	0.2537594912961482
0.1544477028347996	0.2561574409081741
0.15708699902248288	0.25672166434629784
0.15933528836754643	0.258414334660669
0.1616813294232649	0.25615744090817405
0.1638318670576735	0.2570037760653597
0.16617790811339198	0.25940172567738556
0.16881720430107525	0.2606712284131639
0.17116324535679378	0.26194073114894234
0.17321603128054744	0.25954278153691646
0.17223851417399802	0.2355632854166579
0.1731182795698925	0.23838440260727656
0.17565982404692085	0.24402663698851387
0.17790811339198437	0.24882253621256556
0.18015640273704792	0.2506562623864677
0.1827956989247312	0.25333632371755543
0.1849462365591398	0.2570037760653597
0.18748778103616814	0.25855539052019993
0.1895405669599218	0.2579911670820762
0.19178885630498535	0.2598248932559783
0.1946236559139785	0.2623638987275352
0.19667644183773217	0.264761848339561
0.19941348973607037	0.2654671276372157
0.20117302052785924	0.2639155131823754
0.20351906158357772	0.26589029521580854
0.20606060606060606	0.26645451865393216
0.20850439882697946	0.268993524125489
0.2110459433040078	0.2701219710017364
0.21319648093841642	0.2678650772492415
0.21544477028347994	0.26998091514220557
0.21788856304985335	0.2709683061589221
0.22033235581622676	0.27266097647329324
0.2225806451612903	0.27153252959704577
0.22502443792766372	0.2716735854565767
0.2273704789833822	0.27421259092813355
0.22991202346041054	0.275058926085319
0.23421309872922774	0.3145545667539803
0.2608015640273705	0.4374142204054229
0.26304985337243403	0.40017547348925653
0.26549364613880744	0.37661914494759074
0.26793743890518085	0.3605387769610644
0.2702834799608993	0.3484079730414042
0.272336265884653	0.3359950574026821
0.2747800586510264	0.3292243761451973
0.27712609970674484	0.32442847692114557
0.27956989247311825	0.3196325776970939
0.2819159335288367	0.31652934878741334
0.2838709677419355	0.3142724550349184
0.2866080156402737	0.31229767300148537
0.28895405669599217	0.3124387288610163
0.2913000977517107	0.3118745054228926
0.2935483870967742	0.30919444409180485
0.29550342130987295	0.30905338823227396
0.29804496578690126	0.3094765558108667
0.30058651026392963	0.3113102819847688
0.30312805474095794	0.3111692261252379
0.30518084066471163	0.30947655581086675
0.30713587487781036	0.31229767300148537
0.3097751710654936	0.31257978472054726
0.31212121212121213	0.31441351089444936
0.3147605083088954	0.31681146050647524
0.316911045943304	0.3149777343325731
0.31915933528836754	0.31836307496131544
0.3202346041055718	0.306655438620248
0.31925708699902244	0.29381935540293314
0.3214076246334311	0.29889736634604674
0.3236559139784946	0.3031290421319748
0.3260019550342131	0.3103228909680523
0.32864125122189636	0.3137082315967947
0.3309872922776148	0.31779885152319176
0.3330400782013685	0.31864518668037733
0.33528836754643204	0.32090208043287227
0.3376344086021505	0.32485164449973836
0.34027370478983376	0.32866015270707355
0.3427174975562072	0.33077599060003754
0.344672531769306	0.33204549333581596
0.3472140762463344	0.3350076663859655
0.349266862170088	0.33923934217189355
0.3521016617790812	0.3405088449076719
0.3543499511241447	0.34206045936251217
0.3564027370478984	0.34403524139594527
0.35894428152492674	0.34629213514844015
0.36119257086999024	0.3502416992153063
0.36383186705767356	0.35306281640592496
0.3658846529814272	0.352921760546394
0.36813294232649074	0.355037598439358
0.3706744868035191	0.3574355480513839
0.3729227761485826	0.3629367265730903
0.37556207233626593	0.3642062293088687
0.3777126099706745	0.36350095001121396
0.3765395894428153	0.34093201248626476
0.3760508308895406	0.33204549333581596
0.37800586510263934	0.34206045936251217
0.38044965786901275	0.3472795261651568
0.38289345063538616	0.3523575371082703
0.3848484848484849	0.3579997714895076
0.387781036168133	0.36166722383731187
0.3897360703812317	0.3674505140780801
0.39208211143695015	0.3674505140780801
0.3943304007820137	0.36914318439245125
0.39667644183773215	0.37422119533556486
0.39951124144672534	0.37661914494759074
0.40156402737047897	0.38042765315492594
0.40371456500488756	0.3801455414358641
0.40615835777126097	0.38254349104789
0.4084066471163245	0.38465932894085386
0.4110459433040078	0.3859288316766323
0.4133919843597263	0.3893141723053747
0.415347018572825	0.38945522816490563
0.4179863147605083	0.39171212191740057
0.4201368523949169	0.3946742949675502
0.4228739002932551	0.39566168598426665
0.4249266862170088	0.3963669652819214
0.4270772238514174	0.3979185797367616
0.42971652003910066	0.4004575852083184
0.4320625610948191	0.40327870239893704
0.43470185728250244	0.4051124285728392
0.432258064516129	0.3737980277569721
0.43401759530791784	0.38099187659304967
0.4365591397849462	0.38691622269334885
0.4390029325513196	0.3931226805127099
0.441544477028348	0.39664907700098323
0.4434995112414467	0.39693118872004507
0.4457478005865102	0.4022913113822205
0.44828934506353857	0.40454820513471546
0.450635386119257	0.4070872106062723
0.4529814271749755	0.4080746016229887
0.4552297165200391	0.41047255123501464
0.45747800586510257	0.41385789186375704
0.4602150537634408	0.4162558414757829
0.4623655913978494	0.4199232938235872
0.4647116324535679	0.41950012624499433
0.46695992179863144	0.4186537910878087
0.46920821114369504	0.42302652273326763
0.47194525904203327	0.4251423606262317
0.4741935483870968	0.4275403102382575
0.4763440860215054	0.42669397508107193
0.47869012707722386	0.42965614813122155
0.4809384164222874	0.4326183211813711
0.4835777126099707	0.43388782391714953
0.4860215053763441	0.437132108686361
0.48826979472140764	0.43699105282683004
0.490811339198436	0.441222728612758
0.4932551319648094	0.43797844384354656
0.4912023460410557	0.40906199263970533
0.48866080156402736	0.38649305511475607
0.48621700879765395	0.36857896095432763
0.4835777126099707	0.35419126328217243
0.4814271749755621	0.34149623592438844
0.47917888563049854	0.33528977810502736
0.476930596285435	0.32485164449973836
0.4743890518084067	0.3162472370683515
0.4718475073313783	0.3098997233894595
0.46950146627565986	0.302564818693851
0.467546432062561	0.29805103118886117
0.4650048875855327	0.29297302024574756
0.46285434995112407	0.2871897300049793
0.4602150537634408	0.2811243280451492
0.4580645161290322	0.2783032108545306
0.45571847507331376	0.27364836749000976
0.45307917888563043	0.2684293006873653
0.450733137829912	0.26391551318237544
0.44799608993157375	0.26194073114894234
0.44633431085043984	0.25883750223926183
0.4439882697947214	0.25502899403192664
0.441446725317693	0.25136154168412234
0.43910068426197457	0.2472709217577253
0.43646138807429125	0.24346241355039014
0.43470185728250244	0.24459086042663758
0.4328445747800586	0.24712986589819436
0.43470185728250244	0.266736630372994
0.43235581622678393	0.2555932174700503
0.4301075268817204	0.2496688713697512
0.42766373411534697	0.24430874870757574
0.42521994134897356	0.23711489987149817
0.42267839687194525	0.2337295592427558
0.4204301075268817	0.22865154829964215
0.41818181818181815	0.22724098970433282
0.41573802541544475	0.2239967049351214
0.4136852394916911	0.21920080571106965
0.4108504398826979	0.21525124164420353
0.4086021505376344	0.212289068594054
0.4064516129032258	0.21313540375123954
0.40439882697947216	0.21017323070108995
0.4018572825024438	0.20453099631985266
0.39912023460410556	0.2022741025673577
0.396969696969697	0.19959404123627
0.3947214076246334	0.19804242678142972
0.3921798631476051	0.1956444771694039
0.3901270772238514	0.19296441583831614
0.3873900293255132	0.18957907520957376
0.3852394916911046	0.18943801935004284
0.383088954056696	0.18704006973801696
0.3806451612903226	0.1840778966878674
0.3782991202346041	0.1802693884805322
0.37565982404692083	0.17914094160428476
0.37595307917888565	0.19860665021955345
0.3782013685239492	0.2132764596107705
0.37565982404692083	0.20269727014595054
0.3732160312805474	0.19338758341690893
0.3706744868035191	0.18619373458083138
0.3686217008797654	0.1845010642664602
0.366177908113392	0.17928199746381568
0.36383186705767356	0.1756145451160114
0.36119257086999024	0.17025442245383596
0.35904203323558165	0.1687028079989957
0.3567937438905181	0.1665869701060317
0.3543499511241447	0.16179107088198
0.3518084066471164	0.1600984005676088
0.3497556207233627	0.15727728337699015
0.3476050830889541	0.15643094821980458
0.3448680351906158	0.15389194274824775
0.34261974584555227	0.15022449040044347
0.339980449657869	0.147121261490763
0.33773216031280545	0.14401803258108245
0.33558162267839686	0.14514647945732992
0.33323558162267836	0.14373592086202058
0.3309872922776148	0.13936318921656168
0.3284457478005865	0.13823474234031422
0.3260019550342131	0.13710629546406675
0.32414467253176926	0.13456728999250994
0.3214076246334311	0.1330156755376697
0.31915933528836754	0.1313230052232985
0.32033235581622677	0.15586672478168082
0.3193548387096774	0.15431511032684056
0.3173998044965787	0.14683914977170112
0.31456500488758554	0.1411969153904638
0.31212121212121213	0.1347083458520409
0.3096774193548387	0.13245145209954595
0.30772238514174	0.13231039624001503
0.3056695992179863	0.1273734411564324
0.3028347996089932	0.1248344356848756
0.30058651026392963	0.12173120677519507
0.29804496578690126	0.11905114544410733
0.29599217986314763	0.11961536888223108
0.2937438905180841	0.11665319583208147
0.2913978494623656	0.1153836930963031
0.28885630498533726	0.1119983524675607
0.28690127077223854	0.11185729660802976
0.28426197458455527	0.11171624074849881
0.2821114369501466	0.10748456496257083
0.2793743890518084	0.10635611808632336
0.2770283479960899	0.10480450363148312
0.2748778103616813	0.10635611808632339
0.27253176930596285	0.10466344777195218
0.27038123167155426	0.10212444230039538
0.26774193548387093	0.10099599542414794
0.2652981427174975	0.09986754854790048
0.26344086021505375	0.1004317719860242
0.2608015640273705	0.09986754854790048
0.23558162267839688	0.0
0.2303030303030303	0.0
0.22864125122189635	0.0
0.22678396871945256	0.0
0.2249266862170088	0.006347513678891979
0.22267839687194524	0.019183596896206866
0.22062561094819158	0.029480674641964966
0.21876832844574778	0.03864930551147561
0.21671554252199413	0.044009428173651055
0.2145650048875855	0.04908743911676464
0.21260997067448678	0.05289594732409982
0.2104594330400782	0.05755079068862061
0.2083088954056696	0.05938451686252274
0.20625610948191592	0.06291091335079606
0.2040078201368524	0.06460358366516725
0.20244379276637342	0.06770681257484777
0.20009775171065494	0.0682710360129715
0.1978494623655914	0.0678478684343787
0.19579667644183774	0.0708100414845283
0.19335288367546433	0.07024581804640458
0.19120234604105574	0.07193848836077577
0.18905180840664712	0.07278482351796137
0.18651026392961878	0.07363115867514695
0.18426197458455523	0.07292587937749229
0.18181818181818182	0.07475960555139441
0.17966764418377323	0.07687544344435841
0.1774193548387097	0.07433643797280162
0.17468230694037148	0.07504171727045628
0.1724340175953079	0.07504171727045629
0.17272727272727276	0.09845698995259114
0.17282502443792766	0.10409922433382846
0.1705767350928641	0.09676431963821994
0.1679374389051808	0.09239158799276104
0.16539589442815247	0.08801885634730211
0.16344086021505375	0.08900624736401863
0.1608993157380254	0.08745463290917838
0.15874877810361682	0.0846335157185597
0.15620723362658845	0.08364612470184318
0.15386119257087	0.08350506884231226
0.15190615835777127	0.08364612470184318
0.14916911045943304	0.08265873368512666
0.14701857282502445	0.08096606337075547
0.14467253176930597	0.0811071192302864
0.14222873900293256	0.08265873368512666
0.14017595307917888	0.081953454387472
0.13753665689149558	0.08209451024700291
0.135386119257087	0.07927339305638428
0.13264907135874876	0.07997867235403892
0.13069403714565003	0.08265873368512666
0.1284457478005865	0.08138923094934827
0.12590420332355817	0.08138923094934826
0.12365591397849462	0.07997867235403894
0.12101661779081134	0.07969656063497707
0.11896383186705768	0.081953454387472
0.11671554252199415	0.08096606337075547
0.11407624633431084	0.08153028680887921
0.11779081133919844	0.12144909505613319
0.11642228739002931	0.1124215200461535
0.1139784946236559	0.10579189464819964
0.1115347018572825	0.09902121339071487
0.10899315738025414	0.09535376104291061
0.10654936461388073	0.09140419697604449
0.10439882697947214	0.09281475557135382
0.1021505376344086	0.09055786181885891
0.10009775171065494	0.08858307978542583
0.09745845552297165	0.08745463290917839
0.09501466275659824	0.08435140399949784
0.09286412512218964	0.08674935361152372
0.0903225806451613	0.08618513017339999
0.0884652981427175	0.08477457157809065
0.08572825024437927	0.08421034813996692
0.08357771260997067	0.08435140399949785
0.081524926686217	0.08477457157809065
0.07869012707722385	0.08350506884231226
0.07644183773216032	0.08251767782559573
0.07370478983382209	0.08294084540418853
0.07194525904203324	0.08421034813996692
0.06979472140762463	0.08350506884231226
0.06715542521994135	0.08350506884231226
0.06480938416422287	0.08181239852794106
0.06217008797653959	0.08195345438747201
0.0603128054740958	0.08421034813996692
0.05874877810361682	0.0897115266616733
0.0603128054740958	0.1098825145745967
0.05806451612903226	0.1017012747218026
0.05542521994134897	0.09690537549775087
0.05347018572825024	0.09521270518337968
0.05102639296187683	0.0909810293974517
0.048484848484848485	0.08914730322354958
0.046627565982404695	0.08886519150448771
0.04457478005865103	0.08801885634730211
0.04232649071358748	0.08604407431386905
0.040371456500488755	0.08547985087574532
0.03841642228739003	0.08533879501621437
0.03597262952101662	0.08350506884231226
0.03391984359726295	0.08294084540418853
0.031964809384164225	0.08392823642090505
0.030009775171065494	0.08265873368512665
0.027859237536656888	0.08336401298278132
0.025806451612903226	0.08251767782559574
0.023655913978494626	0.08124817508981734
0.02150537634408602	0.08068395165169359
0.019452590420332354	0.08110711923028639
0.01710654936461388	0.079837616494508
0.015249266862170088	0.08082500751122454
0.013391984359726295	0.08040183993263174
0.011143695014662756	0.0794144489159152
0.008993157380254154	0.0802607840731008
0.007135874877810362	0.0785681137587296
0.004789833822091886	0.0789912813373224
0.00303030303030303	0.07828600203966773
0.0009775171065493646	0.07842705789919865
0.0	0.031314400815867095
