0.0	0.17265237206586184
0.0	0.17293448378492368
0.0009775171065493646	0.18436000840692923
0.004496578690127077	0.20424888460079077
0.008699902248289345	0.22371459321605952
0.012805474095796677	0.23880757018586932
0.01681329423264907	0.24825831277444182
0.02101661779081134	0.2575679995034834
0.025317693059628544	0.2673008538111178
0.029130009775171068	0.2743536467876644
0.03343108504398827	0.27858532257359236
0.03763440860215054	0.28338122179764413
0.041837732160312814	0.28944662375747426
0.04584555229716521	0.2935372436838713
0.050244379276637344	0.29396041126246414
0.05513196480938416	0.30002581322229416
0.05894428152492669	0.2973457518912065
0.05972629521016618	0.27971376944983983
0.06432062561094819	0.28704867414544843
0.0689149560117302	0.29438357884105687
0.07341153470185728	0.3008721483794798
0.07790811339198436	0.30637332690118624
0.08318670576735092	0.31145133784429974
0.08729227761485828	0.30877127651321207
0.09227761485826003	0.3141313991753875
0.09687194525904204	0.31836307496131544
0.10156402737047898	0.32203052730911974
0.1064516129032258	0.3228768624663053
0.11085043988269794	0.3213252480114651
0.11564027370478983	0.3259800913759858
0.11544477028347996	0.2938193554029332
0.1181818181818182	0.29932053392463953
0.12297165200391007	0.3059501593225934
0.12756598240469208	0.31173344956336163
0.13216031280547408	0.3185041308208464
0.13685239491691104	0.32471058864020746
0.14164222873900292	0.32922437614519734
0.14633431085043988	0.327813817549888
0.1509286412512219	0.3317633816167541
0.15562072336265884	0.33655928084080583
0.16021505376344086	0.3393803980314244
0.16510263929618768	0.34036778904814097
0.16959921798631475	0.3405088449076719
0.17302052785923755	0.3304938788809757
0.1741935483870968	0.31991468941615575
0.17917888563049855	0.3292243761451973
0.1838709677419355	0.33373816365018716
0.18826979472140765	0.33599505740268204
0.19335288367546433	0.34206045936251217
0.19765395894428153	0.3474205820246877
0.20244379276637342	0.35137014609155376
0.20713587487781035	0.3495364199176516
0.2118279569892473	0.3537680957035796
0.2166177908113392	0.35729449219185294
0.22111436950146626	0.3609619445396572
0.226099706744868	0.3644883410279306
0.23069403714565	0.36138511211825
0.2578690127077224	0.5355890986389521
0.266080156402737	0.4993377427395023
0.27096774193548384	0.47620458177642944
0.27585532746823066	0.45941893449224835
0.28005865102639294	0.44277434306759833
0.2850439882697947	0.43826055556260834
0.28934506353861195	0.43402887977668037
0.2944281524926686	0.4309256508669999
0.2992179863147605	0.42598869578341725
0.3036168132942326	0.4242960254690461
0.3082111436950147	0.4258476399238863
0.3129032258064516	0.4279634778168503
0.3177908113391984	0.4309256508669999
0.3201368523949169	0.4089209367801744
0.3222873900293255	0.40398398169659167
0.3268817204301075	0.41526845045906635
0.3316715542521994	0.4233086344523295
0.33646138807429127	0.4286687571145049
0.3408602150537634	0.4321951536027783
0.34584555229716524	0.4403763934555724
0.3500488758553275	0.4484165774488356
0.3551319648093842	0.4550462028467894
0.3599217986314761	0.46026526964943393
0.36432062561094825	0.46506116887348564
0.36920821114369506	0.47225501770956324
0.3736070381231672	0.48255209545532135
0.376930596285435	0.4715497384119086
0.37673509286412515	0.4523661415157017
0.3814271749755621	0.46703595090691874
0.3860215053763441	0.4797309782647027
0.39051808406647115	0.49143861460577015
0.3955034213098729	0.5008893571943426
0.4000977517106549	0.5044157536826159
0.4046920821114369	0.5151359990069668
0.409286412512219	0.5226119595621063
0.41407624633431084	0.5323448138697406
0.41896383186705766	0.5365764896556686
0.4233626588465298	0.5405260537225347
0.4282502443792766	0.5492715170134526
0.4328445747800586	0.5571706451471848
0.4333333333333333	0.5322037580102098
0.4376344086021505	0.5395386627058182
0.44213098729227757	0.5484251818562671
0.4469208211143695	0.5578759244448395
0.4513196480938416	0.5647876615618552
0.45630498533724334	0.5728278455551183
0.4607038123167155	0.5725457338360564
0.46568914956011725	0.5790343033744795
0.47028347996089936	0.5850997053343095
0.47487781036168136	0.590459827996485
0.4797653958944282	0.5937041127656963
0.4842619745845552	0.5935630569061656
0.4895405669599218	0.5994874030064646
0.49237536656891495	0.5858049846319642
0.4880742913000978	0.529382640819591
0.48289345063538613	0.4852321567864091
0.47859237536656896	0.4499681919036759
0.4736070381231672	0.42020540554264907
0.46871945259042036	0.397072244579576
0.46441837732160307	0.3791581504191476
0.4593352883675464	0.357153436332322
0.45493646138807425	0.33726456013846046
0.4499511241446725	0.32090208043287227
0.4452590420332355	0.31046394682758327
0.4407624633431085	0.2979099753293302
0.4357771260997067	0.2838043893762369
0.43401759530791784	0.29184457336950015
0.4316715542521994	0.28606128312873186
0.4268817204301075	0.27463575850672634
0.42218963831867057	0.2596838373964474
0.41739980449657865	0.24543719558382318
0.4129032258064516	0.23302427994510108
0.40782013685239493	0.22399670493512142
0.40371456500488756	0.21920080571106965
0.398533724340176	0.20707000179140947
0.3940371456500489	0.19620870060752763
0.38914956011730206	0.18746323731660977
0.38455522971652006	0.1832315615306818
0.37996089931573807	0.17617876855413514
0.37595307917888565	0.17787143886850634
0.3774193548387097	0.1991708736576772
0.3725317693059629	0.18125677949724875
0.36764418377321606	0.17363976308257836
0.36304985337243406	0.16193212674151095
0.35826001955034215	0.1506476579790363
0.35366568914956015	0.14020952437374729
0.3491691104594331	0.13216934038048408
0.3441837732160312	0.12991244662798915
0.3392961876832844	0.11989748060129293
0.33489736070381226	0.11213940832709161
0.3301075268817204	0.10508661535054498
0.32531769305962854	0.10014966026696233
0.3209188660801564	0.09718748721681274
0.3193548387096774	0.11608897239395774
0.3166177908113392	0.10790773254116363
0.3115347018572825	0.09605904034056527
0.30684261974584554	0.09140419697604449
0.3023460410557185	0.08364612470184318
0.2975562072336266	0.07560594070858
0.2932551319648094	0.06883525945109524
0.28885630498533726	0.06587308640094565
0.2844574780058651	0.06121824303642487
0.2802541544477028	0.05515284107659475
0.27624633431085044	0.05092116529066677
0.27204301075268816	0.04908743911676464
0.26774193548387093	0.04471470747130572
0.26373411534701857	0.04132936684256333
0.247702834799609	0.016362479705588212
0.22952101661779079	0.0
0.2258064516129032	0.0
0.22209188660801563	0.0
0.21837732160312803	0.0
0.21515151515151515	0.0
0.21133919843597263	0.0
0.2075268817204301	0.0
0.2040078201368524	0.0
0.20058651026392962	0.0
0.19667644183773217	0.0
0.19296187683284458	0.0
0.18934506353861194	0.0
0.18572825024437928	0.0
0.18191593352883678	0.0
0.178494623655914	0.0
0.17478005865102642	0.0
0.17262952101661783	0.009027575009979704
0.17194525904203323	0.01960676447479967
0.1679374389051808	0.012836083217314892
0.16363636363636364	0.00789912813373224
0.15962854349951122	0.008604407431386905
0.15581622678396873	0.005783290240768247
0.15190615835777127	0.0052190668026445165
0.14819159335288368	0.00394956406686612
0.14467253176930597	0.0025390054715567914
0.14086021505376342	0.0018337261739021272
0.13734115347018572	0.003808508207335187
0.13372434017595308	0.0016926703143711943
0.1300097751710655	0.00197478203343306
0.12619745845552297	0.002680061331087724
0.12277614858260019	0.0025390054715567914
0.11896383186705768	0.0015516144548402616
0.11544477028347996	0.0015516144548402616
0.11642228739002933	0.03709769105663534
0.11417399804496578	0.03808508207335187
0.11006842619745845	0.02863433948477937
0.10576735092864124	0.022709993384480195
0.10195503421309873	0.019888876193861534
0.09775171065493646	0.01777303830089754
0.09325513196480939	0.014951921110278881
0.08934506353861194	0.01325925079590769
0.08533724340175952	0.012412915638722091
0.08084066471163245	0.011425524622005561
0.07683284457478005	0.011143412902943696
0.07272727272727272	0.009732854307634368
0.06871945259042032	0.009591798448103433
0.06432062561094819	0.009732854307634367
0.0603128054740958	0.00888651915044877
0.05972629521016618	0.03286601527070736
0.056891495601173014	0.03258390355164549
0.05298142717497556	0.027505892608531913
0.04868035190615836	0.022286825805887395
0.04516129032258065	0.019747820334330597
0.04134897360703812	0.01861937345808314
0.03773216031280548	0.016080367986526345
0.03401759530791788	0.013964530093562355
0.030498533724340176	0.012977139076845823
0.02649071358748778	0.013118194936376757
0.023362658846529816	0.012977139076845823
0.019452590420332354	0.010579189464819965
0.015933528836754644	0.01086130118388183
0.012218963831867057	0.010156021886227166
0.00879765395894428	0.008181239852794106
0.005083088954056696	0.007758072274201308
0.0018572825024437928	0.006065401959830114
0.00019550342130987292	0.016080367986526345
0.0024437927663734115	0.05331911490269262
0.005962854349951125	0.08815991220683303
0.010263929618768328	0.11905114544410736
0.014271749755620722	0.14472331187873713
0.018475073313782987	0.1657406349488461
0.022385141739980453	0.18309050567115087
0.02697947214076246	0.19649081232658946
0.030791788856304986	0.20791633694859507
0.035092864125122185	0.2189186939920078
0.039100684261974585	0.22766415728292566
0.04349951124144673	0.23556328541665789
0.04760508308895406	0.2424750225336736
0.052003910068426196	0.24783514519584907
0.05669599217986314	0.25601638504864316
0.05894428152492669	0.24275713425273548
0.06158357771260997	0.2423339666741427
0.06608015640273704	0.249950983088813
0.070772238514174	0.2603891166941021
0.07517106549364613	0.2677240213897106
0.07986314760508309	0.2750589260853191
0.08475073313782991	0.2766105405401593
0.08905180840664713	0.27999588116890173
0.09403714565004888	0.2860612831287318
0.09863147605083089	0.29085718235278357
0.10351906158357771	0.2949478022791806
0.10801564027370478	0.2931140761052785
0.11280547409579667	0.2979099753293302
0.11652003910068424	0.29269090852668567
0.11544477028347995	0.2657492393562775
0.12003910068426198	0.2785853225735924
0.12463343108504399	0.2839454452357678
0.12961876832844574	0.2925498526671548
0.13372434017595308	0.2994615897841705
0.1389051808406647	0.30538593588446966
0.14349951124144672	0.30750177377743365
0.14809384164222875	0.3084891647941502
0.15298142717497556	0.3138492874563256
0.1571847507331378	0.3182220191017845
0.16207233626588463	0.32090208043287227
0.1667644183773216	0.31991468941615575
0.17165200391006846	0.3240053093425528
0.17292277614858262	0.3021416511152582
0.17595307917888564	0.3062322710416553
0.18103616813294235	0.315259846051635
0.18553274682306942	0.31525984605163493
0.19012707722385142	0.3218894714495888
0.19501466275659823	0.3279548734094189
0.19941348973607037	0.3328918284930016
0.20449657869012708	0.334020275369249
0.20889540566959922	0.3347255546669037
0.21378299120234603	0.34022673318861
0.2182795698924731	0.3436120738173525
0.22297165200391006	0.34713847030562583
0.22785923753665688	0.3469974144460949
0.23929618768328442	0.42218018757608206
0.26344086021505375	0.5044157536826159
0.26803519061583575	0.47422979974299634
0.27282502443792767	0.45448197940866564
0.2772238514173998	0.43402887977668037
0.28201368523949166	0.42542447234529346
0.2866080156402737	0.4209106848403036
0.2913978494623656	0.4163968973353138
0.2962854349951124	0.41160099811126216
0.30068426197458453	0.40624087544908666
0.3056695992179863	0.40722826646580323
0.3098729227761486	0.407510378184865
0.31495601173020527	0.4100493836564219
0.3198435972629521	0.40906199263970533
0.3198435972629521	0.3770423125261836
0.3242424242424242	0.38705727855287975
0.32864125122189636	0.3952385184056739
0.33362658846529814	0.4020091996631587
0.3379276637341153	0.40299659067987514
0.34281524926686224	0.41047255123501464
0.34750733137829914	0.41738428835203034
0.3521016617790812	0.4228854668737367
0.3570869990224829	0.42909192469309776
0.3616813294232649	0.42852770125497397
0.366275659824047	0.4361447176696444
0.3709677419354839	0.4424922313485363
0.37565982404692083	0.4499681919036759
0.3760508308895406	0.418089567649685
0.378494623655914	0.41935907038546344
0.3832844574780059	0.43402887977668037
0.38758553274682306	0.4443259575224385
0.3924731182795699	0.4533535325324182
0.39716520039100683	0.4585725993350628
0.40205278592375365	0.46463800129489286
0.40625610948191593	0.4731013528667488
0.4112414467253177	0.4797309782647027
0.4159335288367546	0.48678377124124933
0.4207233626588465	0.48664271538171844
0.4254154447702835	0.4929902290606104
0.4300097751710655	0.5014535806324663
0.43343108504398825	0.49341339663920325
0.43470185728250244	0.48114153686001204
0.43910068426197457	0.4876301063984349
0.4440860215053763	0.4972219048465383
0.44848484848484843	0.5059673681374561
0.4531769305962854	0.5124559376758792
0.4580645161290322	0.5152770548664978
0.46275659824046916	0.5199318982310186
0.467644183773216	0.5247277974550701
0.4720430107526882	0.5317805904316169
0.476930596285435	0.5367175455151995
0.48162267839687195	0.5350248752008284
0.4863147605083089	0.5406671095820658
0.49149560117302055	0.5460272322442412
0.4909090909090909	0.5087884853280749
0.4860215053763441	0.4565978173016297
0.48113391984359727	0.4179485117901541
0.47663734115347023	0.3857877758171014
0.4717497556207234	0.35941033008481693
0.46695992179863144	0.34149623592438844
0.46246334310850434	0.32301791832583626
0.4575757575757575	0.30327009799150567
0.45288367546432057	0.2859202272692009
0.44789833822091885	0.27251992061376235
0.4434995112414467	0.2656081834967466
0.43880742913000975	0.2517847092627152
0.4341153470185728	0.2407823522193024
0.4341153470185728	0.26123545185128766
0.4295210166177908	0.24557825144335413
0.4249266862170088	0.2337295592427558
0.42023460410557184	0.22075242016590996
0.41564027370478984	0.20960900726296625
0.4108504398826979	0.19776031506236788
0.40615835777126097	0.1939518068550327
0.40156402737047897	0.18562951114270768
0.39667644183773215	0.17547348925648049
0.3919843597262952	0.16729224940368637
0.3873900293255132	0.1592520654104232
0.3827956989247312	0.15854678611276857
0.37800586510263934	0.14994237868138166
0.376930596285435	0.1695491431561813
0.37546432062561097	0.17067759003242874
0.3703812316715543	0.15643094821980458
0.36608015640273706	0.1502244904004435
0.3609970674486804	0.13823474234031422
0.35659824046920824	0.12821977631361797
0.3516129032258065	0.12003853646082385
0.3471163245356794	0.11439630207958655
0.3424242424242424	0.10974145871506577
0.3375366568914956	0.10099599542414792
0.33323558162267836	0.09408425830713221
0.3281524926686217	0.08830096806636396
0.3235581622678397	0.08590301845433812
0.31955034213098726	0.08886519150448771
0.31915933528836754	0.10466344777195218
0.3144672531769306	0.0909810293974517
0.30957966764418376	0.08124817508981733
0.30518084066471163	0.0794144489159152
0.30048875855327467	0.0699637063273427
0.29608993157380253	0.06361619264845073
0.2921798631476051	0.05853818170533713
0.28807429130009776	0.05430650591940915
0.2836754643206256	0.05148538872879049
0.2794721407624633	0.04640737778567692
0.27546432062561094	0.0424578137188108
0.2713587487781036	0.03921352894959933
0.2669599217986315	0.036674523478042544
0.2628543499511241	0.03399446214695482
0.24144672531769307	0.006629625397953845
0.22883675464320624	0.0
0.2249266862170088	0.0
0.2212121212121212	0.0
0.21779081133919842	0.0
0.21427174975562072	0.0
0.21055718475073312	0.0
0.2069403714565005	0.0
0.20351906158357772	0.0
0.1997067448680352	0.0
0.19579667644183774	0.0
0.1921798631476051	0.0
0.18856304985337244	0.0
0.1849462365591398	0.0
0.1812316715542522	0.0
0.17781036168132944	0.0
0.1739980449657869	0.0
0.17292277614858262	0.010156021886227166
0.17126099706744866	0.014387697672155152
0.16686217008797652	0.007334904695608509
0.163049853372434	0.003808508207335187
0.1592375366568915	0.004231675785927986
0.15571847507331377	0.002821117190618657
0.1520039100684262	0.0014105585953093286
0.14838709677419354	0.0005642234381237315
0.14506353861192572	0.0005642234381237315
0.14115347018572827	0.0004231675785927986
0.13753665689149558	0.0004231675785927986
0.133822091886608	0.0
0.13020527859237535	0.0008463351571855971
0.12668621700879765	0.00028211171906186575
0.12316715542521994	0.0004231675785927986
0.11945259042033236	0.0
0.11554252199413488	0.00028211171906186575
0.1163245356793744	0.033571294568362026
0.11456500488758552	0.033148126989769225
0.11026392961876832	0.02510794299650605
0.10606060606060605	0.021440490648701797
0.10195503421309873	0.01678564728418101
0.09794721407624633	0.014105585953093289
0.09345063538611927	0.011848692200598362
0.08973607038123169	0.0102970777457581
0.0855327468230694	0.008745463290917837
0.08132942326490714	0.007334904695608509
0.07741935483870968	0.006629625397953845
0.07360703812316716	0.007052792976546643
0.06950146627565981	0.007334904695608509
0.06559139784946236	0.006629625397953845
0.06168132942326491	0.005501178521706382
0.0592375366568915	0.019324652755737803
0.059042033235581624	0.0330070711302383
0.05474095796676441	0.025813222294160713
0.050342130987292275	0.020170987912923398
0.046627565982404695	0.01876042931761407
0.043206256109481915	0.015939312126995415
0.03939393939393939	0.014528753531686084
0.03567937438905181	0.012553971498253024
0.03235581622678397	0.010579189464819965
0.028445747800586514	0.009591798448103435
0.024926686217008796	0.010156021886227166
0.021407624633431082	0.007052792976546643
0.0176930596285435	0.007334904695608509
0.014467253176930598	0.007052792976546643
0.010850439882697946	0.007617016414670374
0.007917888563049853	0.00493695508358265
0.004301075268817204	0.005078010943113583
0.001466275659824047	0.004654843364520785
0.0002932551319648094	0.01847831759855221
0.0031280547409579668	0.05444756177894009
0.0064516129032258064	0.0880188563473021
0.0104594330400782	0.11961536888223108
0.014662756598240467	0.14528753531686084
0.018768328445747797	0.16306057361775841
0.023069403714565007	0.18139783535677967
0.027174975562072334	0.19423391857409456
0.031085043988269796	0.20721105765094042
0.03548387096774193	0.21539229750373448
0.03988269794721407	0.22611254282808538
0.04389051808406648	0.23415272682134852
0.047800586510263934	0.24064129635977144
0.052785923753665684	0.2493867596506893
0.05718475073313782	0.250092038948344
0.059530791788856306	0.23880757018586934
0.06168132942326491	0.23979496120258587
0.06637341153470186	0.2523489327008389
0.07126099706744868	0.2595427815369165
0.07565982404692081	0.26194073114894234
0.08054740957966763	0.27096830615892203
0.08484848484848484	0.2763284288210975
0.08954056695992181	0.2821117190618658
0.09452590420332356	0.2826759424999895
0.09912023460410557	0.28606128312873186
0.10371456500488759	0.29085718235278357
0.1083088954056696	0.294242522981526
0.11319648093841642	0.2996026456437014
0.11710654936461388	0.287895009302634
0.11573802541544476	0.26109439599175677
0.12043010752688173	0.27632842882109754
0.1252199413489736	0.285638115550139
0.12991202346041056	0.29198562922903104
0.13421309872922776	0.2939604112624641
0.13929618768328444	0.30101320423901073
0.14359726295210168	0.30651438276071713
0.1484848484848485	0.3101818351085214
0.15327468230694036	0.3127208405800782
0.15777126099706745	0.31300295229914005
0.16265884652981427	0.317234628085068
0.16695992179863145	0.32174841559005785
0.17214076246334314	0.3252748120783312
0.172336265884653	0.29240879680762377
0.17644183773216032	0.30312904213197467
0.1814271749755621	0.3121566171419545
0.18582600195503424	0.3190683542589701
0.19071358748778106	0.32358214176396
0.19540566959921798	0.32301791832583626
0.19990224828934505	0.32908332028566634
0.20469208211143694	0.3330328843525325
0.20948191593352883	0.3376877277170533
0.21427174975562072	0.338251951155177
0.21876832844574778	0.3385340628742389
0.22355816226783967	0.34318890623875964
0.22805474095796674	0.34756163788421857
0.2450635386119257	0.4585725993350628
0.26392961876832843	0.4932723407796722
0.26852394916911043	0.4642148337163001
0.27331378299120235	0.4464417954154025
0.27751710654936457	0.4334646563385567
0.2824046920821114	0.4251423606262317
0.28729227761485826	0.4130115567065714
0.29178885630498536	0.4100493836564218
0.2962854349951124	0.4077924899039269
0.30136852394916913	0.40722826646580323
0.30606060606060603	0.40553559615143203
0.31036168132942327	0.40073969692738026
0.31544477028347995	0.40398398169659167
0.3193548387096774	0.39975230591066374
0.31994134897360704	0.3783118152619619
0.32463343108504394	0.38522355237897765
0.32913000977517104	0.38889100472678184
0.3339198435972629	0.3960848535628595
0.33822091886608013	0.4025734231012824
0.34340175953079183	0.4089209367801744
0.34780058651026396	0.4100493836564218
0.3524926686217009	0.41456317116141167
0.35738025415444774	0.4216159641379583
0.36197458455522974	0.42768136609778845
0.36686217008797656	0.43332360047902585
0.37135874877810365	0.43247726532184017
0.37624633431085047	0.4406585051746343
0.3763440860215054	0.4117420539707931
0.3787878787878788	0.41653795319484477
0.3838709677419355	0.4262708075024791
0.3881720430107527	0.43304148875996384
0.3927663734115347	0.44221011962947454
0.3973607038123167	0.4515198063585161
0.4021505376344086	0.45970104621131025
0.4072336265884653	0.4623811075423979
0.4118279569892473	0.4666127833283259
0.41652003910068425	0.4745119114620581
0.42101661779081134	0.4810004810004811
0.4258064516129032	0.4866427153817184
0.43049853372434016	0.4863606036626565
0.433822091886608	0.4793078106861099
0.4348973607038123	0.4695749563784755
0.43968719452590416	0.4807183692814192
0.444574780058651	0.487347994679373
0.4488758553274682	0.4901691118699917
0.45376344086021503	0.4976450724251311
0.45826001955034207	0.5054031446993325
0.4631476050830889	0.5114685466591626
0.46783968719452584	0.5113274907996317
0.4727272727272728	0.5162644458832142
0.47732160312805477	0.5219066802644516
0.4818181818181818	0.5269846912075652
0.48690127077223855	0.5326269255888025
0.49198435972629523	0.5347427634817665
0.4909090909090909	0.4924260056224866
0.4859237536656892	0.4415048403318198
0.4812316715542522	0.40356081411799893
0.4768328445747801	0.37196430158307
0.47165200391006845	0.3455868558507856
0.46695992179863144	0.32837804098801177
0.4626588465298142	0.3101818351085214
0.45738025415444766	0.2911392940718454
0.45288367546432057	0.27407153506860255
0.44799608993157375	0.2609533401322258
0.4434995112414467	0.25460582645333385
0.4387096774193548	0.2407823522193024
0.4341153470185728	0.2304852744735443
0.43431085043988266	0.2510794299650605
0.4295210166177908	0.23584539713571978
0.4249266862170088	0.2239967049351214
0.42023460410557184	0.21130167757733745
0.41573802541544475	0.19987615295533187
0.4108504398826979	0.1888737959119191
0.40625610948191593	0.18506528770458391
0.40146627565982407	0.17702510371132077
0.3967741935483871	0.16701013768462453
0.39208211143695015	0.15939312126995414
0.38748778103616816	0.1514939931362219
0.38269794721407624	0.15121188141716002
0.37800586510263934	0.1424664181262422
0.37702834799609	0.1626374060391656
0.3752688172043011	0.16404796463447494
0.3703812316715543	0.1498013228218507
0.36598240469208215	0.14387697672155153
0.3609970674486804	0.13245145209954595
0.35659824046920824	0.12215437435378787
0.3516129032258065	0.11439630207958655
0.3471163245356794	0.1090361794174111
0.3424242424242424	0.10452239191242126
0.33743890518084063	0.09605904034056528
0.33323558162267836	0.08942941494261145
0.3281524926686217	0.08364612470184321
0.3235581622678397	0.08138923094934827
0.31955034213098726	0.08421034813996693
0.31925708699902244	0.10029071612649328
0.3144672531769306	0.08689040947105464
0.30957966764418376	0.0771575551634203
0.30508308895405667	0.07588805242764188
0.30068426197458453	0.06559097468188378
0.2962854349951124	0.0605129637387702
0.29237536656891494	0.057409734829089676
0.28807429130009776	0.05078010943113583
0.28396871945259045	0.047535824661924374
0.2796676441837732	0.043586260595058254
0.27556207233626584	0.04132936684256333
0.2713587487781036	0.03681557933757348
0.26754643206256107	0.034135518006485746
0.26304985337243403	0.03187862425399083
0.24193548387096775	0.006065401959830114
0.22932551319648092	0.0
0.2253176930596285	0.0
0.22160312805474094	0.0
0.21808406647116324	0.0
0.21427174975562072	0.0
0.210752688172043	0.0
0.20723362658846528	0.0
0.20371456500488758	0.0
0.1997067448680352	0.0
0.1961876832844575	0.0
0.1924731182795699	0.0
0.1889540566959922	0.0
0.18514173998044967	0.0
0.18152492668621703	0.0
0.17781036168132944	0.0
0.17429130009775173	0.0
0.1731182795698925	0.010014966026696232
0.17145650048875855	0.01128446876247463
0.1673509286412512	0.006770681257484777
0.16344086021505375	0.004090619926397053
0.15992179863147604	0.002115837892963993
0.15640273704789834	0.00098739101671653
0.15268817204301074	0.0008463351571855971
0.14926686217008797	0.0007052792976546643
0.14574780058651027	0.00028211171906186575
0.14193548387096774	0.00014105585953093288
0.13812316715542522	0.00028211171906186575
0.13450635386119256	0.0
0.13088954056695992	0.0
0.12717497556207233	0.0
0.1235581622678397	0.00014105585953093288
0.11994134897360705	0.0
0.11642228739002933	0.00014105585953093288
0.11603128054740956	0.02496688713697512
0.11515151515151514	0.03413551800648575
0.11124144672531769	0.025531110575098846
0.10664711632453568	0.019606764474799667
0.1029325513196481	0.016503535565119146
0.09863147605083089	0.013541362514969558
0.09413489736070382	0.010438133605289033
0.09022482893450637	0.009732854307634368
0.08651026392961876	0.00789912813373224
0.08220918866080155	0.008040183993263174
0.0780058651026393	0.005501178521706382
0.07429130009775171	0.005783290240768247
0.07057673509286413	0.0052190668026445165
0.0667644183773216	0.005642234381237314
0.06304985337243402	0.004231675785927986
0.059628543499511244	0.0047958992240517175
0.05982404692082112	0.03512290902320228
0.05630498533724341	0.026377445732284448
0.05210166177908113	0.020170987912923398
0.047898338220918865	0.018337261739021275
0.04408602150537634	0.016221423846057282
0.04066471163245357	0.01340030665543862
0.03704789833822092	0.011002357043412764
0.033235581622678395	0.009168630869510636
0.029716520039100684	0.00930968672904157
0.026392961876832842	0.008322295712325038
0.02258064516129032	0.007617016414670374
0.019452590420332354	0.005642234381237315
0.015933528836754644	0.006488569538422912
0.012707722385141739	0.00592434610029918
0.009481915933528836	0.0052190668026445165
0.0062561094819159335	0.004513787504989852
0.0030303030303030303	0.0025390054715567914
0.0006842619745845552	0.0043727316454589184
0.0006842619745845552	0.02651850159181538
0.003714565004887585	0.061077187176893935
0.007331378299120233	0.0947895376047869
0.011436950146627567	0.12455232396581373
0.015542521994134898	0.14824970836701043
0.019550342130987292	0.16686908182509358
0.023949169110459433	0.18351367324974363
0.027956989247311825	0.19550342130987294
0.032062561094819156	0.20777528108906412
0.036168132942326486	0.2180723588348222
0.04056695992179863	0.22653571040667816
0.044770283479960905	0.23429378268087947
0.0487781036168133	0.241628687376488
0.05356793743890518	0.24839936863397277
0.057966764418377316	0.25150259754365323
0.059628543499511244	0.23330639166416295
0.0624633431085044	0.24176974323601894
0.06764418377321603	0.25319526785802454
0.07233626588465297	0.25911961395832367
0.07644183773216032	0.2627870663061279
0.081524926686217	0.27096830615892203
0.08572825024437929	0.27675159639969027
0.09081133919843598	0.2818296073428038
0.095405669599218	0.2816885514832729
0.1	0.28648445070732464
0.104594330400782	0.2905750706337217
0.10918866080156402	0.29494780227918066
0.11427174975562071	0.29889736634604674
0.11671554252199415	0.2774568756973449
0.11681329423264905	0.2637744573228445
0.12121212121212122	0.2777389874164068
0.12609970674486803	0.28704867414544843
0.13088954056695992	0.29085718235278357
0.135386119257087	0.2946656905601187
0.14037145650048874	0.30171848353666536
0.14447702834799608	0.30609121518212434
0.14946236559139786	0.3107460585466451
0.15434995112414468	0.311028170265707
0.15884652981427175	0.3132850640182019
0.16353861192570868	0.31751673980412987
0.1681329423264907	0.321466303870996
0.17253176930596287	0.31836307496131544
0.1728250244379277	0.2928319643862166
0.17761485826001958	0.30425748900822225
0.18220918866080157	0.3127208405800782
0.18690127077223853	0.3192094101185011
0.19178885630498535	0.3223126390281815
0.1961876832844575	0.3240053093425528
0.2010752688172043	0.32908332028566634
0.20547409579667644	0.3334560519311253
0.21055718475073312	0.3374056159979914
0.21515151515151515	0.3369824484193987
0.21964809384164222	0.33881617459330077
0.22463343108504397	0.3429067945196978
0.22913000977517103	0.3474205820246876
0.2515151515151515	0.48974594429139895
0.264613880742913	0.48452687748875445
0.2695014662756598	0.4595599903517793
0.2740957966764418	0.44263328720806727
0.2785923753665689	0.43064353914793807
0.28367546432062557	0.4217570199974892
0.2881720430107527	0.41103677467313837
0.2927663734115347	0.4086388250611125
0.2973607038123167	0.4060998195895557
0.3020527859237537	0.4060998195895557
0.3070381231671554	0.4028555348203443
0.3115347018572825	0.3997523059106637
0.31632453567937435	0.403419758258468
0.3193548387096774	0.39185317777693146
0.32082111436950145	0.3791581504191475
0.3255131964809384	0.3836719379241374
0.33030303030303027	0.38874994886725095
0.33479960899315736	0.39523851840567387
0.3391984359726295	0.4020091996631587
0.3442815249266863	0.40849776920158154
0.3486803519061584	0.407510378184865
0.35366568914956015	0.41315261256610236
0.35816226783968724	0.42048751726171085
0.3629521016617791	0.4262708075024791
0.3678396871945259	0.42965614813122144
0.37223851417399806	0.43163093016465454
0.37732160312805474	0.4384016114221393
0.3757575757575758	0.4017270879440968
0.3798631476050831	0.4154095063185973
0.3847507331378299	0.4233086344523295
0.38914956011730206	0.43163093016465465
0.39374389051808406	0.4395300582983868
0.39833822091886606	0.44954502432508303
0.40332355816226784	0.4565978173016297
0.4080156402737048	0.45772626417787715
0.41270772238514175	0.46435588957583096
0.4174975562072336	0.470703403254723
0.4217986314760508	0.4776151403717387
0.42697947214076243	0.4817057602981357
0.43137829912023457	0.4821289278767285
0.43391984359726293	0.46943390051894457
0.43597262952101656	0.4660485598902023
0.4405669599217986	0.4776151403717387
0.44545454545454544	0.4824110395957904
0.4498533724340176	0.48579638022453275
0.4548387096774193	0.4942597317963887
0.4593352883675464	0.5006072454752808
0.4639296187683284	0.5072368708732345
0.4688172043010752	0.5054031446993325
0.47380254154447704	0.5111864349401006
0.4781036168132943	0.5178160603380546
0.4827956989247312	0.5217656244049207
0.487683284457478	0.5288184173814674
0.49266862170087977	0.5251509650336631
0.4900293255131965	0.47479402318112
0.48484848484848486	0.4272581985191956
0.48035190615835777	0.39100684261974594
0.47575757575757577	0.36067983282059535
0.4706744868035191	0.33472555466690374
0.466080156402737	0.3204789128542795
0.461485826001955	0.3011542600985417
0.4566959921798631	0.28225277492139667
0.4518084066471163	0.2661724069348703
0.44711632453567934	0.2548879381723957
0.4427174975562072	0.24628353074100878
0.43773216031280543	0.23415272682134852
0.43391984359726293	0.2304852744735443
0.43343108504398825	0.24261607839320454
0.4287390029325513	0.22977999517588965
0.42404692082111434	0.21694391195857476
0.4192570869990225	0.20523627561750732
0.41485826001955034	0.19310547169784706
0.40977517106549366	0.18365472910927458
0.40527859237536656	0.1811157236377178
0.4005865102639296	0.1709597017514906
0.39579667644183775	0.16207318260104184
0.39120234604105575	0.1543151103268406
0.38631476050830893	0.14839076422654135
0.3819159335288368	0.14655703805263925
0.3771260997067449	0.13795263062125232
0.3774193548387097	0.16630485838696984
0.37468230694037147	0.15699517165792826
0.3694037145650049	0.14585175875498457
0.36490713587487783	0.13879896577843795
0.36011730205278597	0.12751449701596332
0.35571847507331383	0.11749953098926709
0.3509286412512219	0.1103056821531895
0.3460410557184751	0.10635611808632336
0.34144672531769305	0.1004317719860242
0.33665689149560113	0.09210947627369917
0.33206256109481913	0.08632618603293092
0.3273704789833822	0.07983761649450802
0.3226783968719452	0.08011972821356987
0.31955034213098726	0.08815991220683304
0.31837732160312804	0.09605904034056528
0.3134897360703812	0.0827997895446576
0.3086021505376344	0.07560594070858001
0.3043010752688172	0.07236165593936857
0.29970674486803517	0.06206457819361046
0.29550342130987295	0.058820293424399005
0.2915933528836755	0.05571706451471849
0.2873900293255132	0.04922849497629557
0.28318670576735094	0.043586260595058254
0.2788856304985337	0.042457813718810786
0.2747800586510264	0.039918808247254
0.2705767350928641	0.03540502074226415
0.2664711632453568	0.0308912332372743
0.2622678396871945	0.030327009799150567
0.2358748778103617	0.0
0.22834799608993156	0.0
0.22453567937438904	0.0
0.22091886608015637	0.0
0.21730205278592374	0.0
0.21339198435972628	0.0
0.21006842619745844	0.0
0.20635386119257088	0.0
0.20283479960899314	0.0
0.19912023460410558	0.0
0.19560117302052787	0.0
0.19169110459433042	0.0
0.1878787878787879	0.0
0.18445747800586512	0.0
0.18084066471163246	0.0
0.1771260997067449	0.0
0.1736070381231672	0.0
0.17331378299120237	0.012695027357783958
0.1705767350928641	0.010156021886227166
0.16656891495601173	0.005501178521706382
0.1627565982404692	0.0029621730501495904
0.15933528836754643	0.0014105585953093284
0.15562072336265884	0.0007052792976546643
0.15190615835777127	0.0005642234381237315
0.1482893450635386	0.0004231675785927986
0.14486803519061583	0.00014105585953093288
0.14115347018572827	0.00028211171906186575
0.13734115347018572	0.0
0.13372434017595308	0.0
0.13010752688172042	0.0
0.12619745845552297	0.0
0.12287390029325514	0.0
0.11896383186705768	0.0
0.11554252199413488	0.00014105585953093288
0.11642228739002933	0.031596512534928956
0.11417399804496578	0.03216073597305269
0.11016617790811338	0.024120551979789524
0.10586510263929619	0.01876042931761407
0.1021505376344086	0.014246641812624219
0.0978494623655914	0.01340030665543862
0.09364613880742914	0.00930968672904157
0.08963831867057674	0.009450742588572501
0.08572825024437927	0.007617016414670374
0.08181818181818182	0.006911737117015711
0.07771260997067449	0.006065401959830113
0.07390029325513196	0.005360122662175449
0.07028347996089931	0.004513787504989852
0.06666666666666667	0.0043727316454589184
0.0624633431085044	0.0047958992240517175
0.05913978494623656	0.0047958992240517175
0.05982404692082112	0.03484079730414043
0.05620723362658846	0.025531110575098846
0.05161290322580645	0.021581546508232723
0.04760508308895406	0.01678564728418101
0.04389051808406647	0.016362479705588212
0.04056695992179863	0.014246641812624219
0.03695014662756598	0.011425524622005563
0.03313782991202346	0.009168630869510636
0.029716520039100684	0.00930968672904157
0.026295210166177908	0.008463351571855971
0.02238514173998045	0.007052792976546643
0.019159335288367545	0.005642234381237315
0.015933528836754644	0.006347513678891979
0.012609970674486803	0.005783290240768247
0.009481915933528836	0.004654843364520785
0.006060606060606061	0.0043727316454589184
0.002932551319648094	0.0023979496120258587
0.0006842619745845552	0.0043727316454589184
0.0006842619745845552	0.02665955745134631
0.0034213098729227757	0.06037190787923926
0.007331378299120233	0.0943663700261941
0.011436950146627567	0.12384704466815906
0.015542521994134898	0.14796759664794856
0.019550342130987292	0.16616380252743893
0.023949169110459433	0.18266733809255806
0.028152492668621697	0.19508025373128016
0.032062561094819156	0.20777528108906412
0.036168132942326486	0.21764919125622945
0.04046920821114369	0.22597148696855443
0.044770283479960905	0.23372955924275574
0.0487781036168133	0.2409234080788333
0.05366568914956012	0.24797620105538
0.058162267839687185	0.25093837410552955
0.05943304007820137	0.23302427994510108
0.0624633431085044	0.24148763151695704
0.06754643206256108	0.25277210027943176
0.07233626588465297	0.2586964463797309
0.07653958944281525	0.26264601044659697
0.08142717497556207	0.27068619443986014
0.08582600195503423	0.2766105405401593
0.09071358748778105	0.281547495623742
0.09530791788856305	0.28112432804514925
0.1	0.28606128312873186
0.10469208211143695	0.29029295891465984
0.10918866080156402	0.2945246347005878
0.11427174975562071	0.29861525462698485
0.11671554252199415	0.27703370811875216
0.11671554252199412	0.2634923456037826
0.12130987292277615	0.27717476397828306
0.1260019550342131	0.2866255065668556
0.130791788856305	0.29085718235278357
0.135386119257087	0.2943835788410568
0.14037145650048874	0.3014363718176035
0.14447702834799608	0.3059501593225934
0.1493646138807429	0.3106050026871142
0.15434995112414468	0.31088711440617606
0.15884652981427175	0.31286189643960916
0.16353861192570868	0.3173756839445989
0.1681329423264907	0.3213252480114651
0.17253176930596287	0.3182220191017846
0.17272727272727276	0.2925498526671547
0.17761485826001958	0.3041164331486913
0.18220918866080157	0.3127208405800782
0.18699902248289346	0.3185041308208464
0.19178885630498535	0.3218894714495888
0.1961876832844575	0.3238642534830219
0.20097751710654937	0.32866015270707355
0.20557184750733137	0.33289182849300153
0.2104594330400782	0.33726456013846046
0.21515151515151515	0.33655928084080583
0.21964809384164222	0.33881617459330077
0.2244379276637341	0.34276573866016685
0.22913000977517103	0.34756163788421857
0.25141739980449657	0.49002805601046073
0.26480938416422284	0.4843858216292235
0.2694037145650049	0.45941893449224835
0.2740957966764418	0.44221011962947454
0.27869012707722385	0.4305024832884071
0.2836754643206256	0.4217570199974892
0.2881720430107527	0.4106136070945456
0.29266862170087976	0.4083567133420506
0.29716520039100686	0.405676652010963
0.30224828934506354	0.4053945402919011
0.30713587487781036	0.4022913113822206
0.31133919843597263	0.39918808247254
0.3164222873900293	0.4028555348203443
0.31925708699902244	0.3912889543388078
0.32082111436950145	0.3783118152619619
0.32570869990224827	0.38310771448601366
0.33020527859237536	0.3874804461314726
0.3347018572825024	0.39481535082708114
0.3392961876832844	0.40102180864644216
0.3442815249266863	0.4068050988872104
0.34877810361681333	0.4066640430276795
0.35366568914956015	0.4120241656898549
0.35816226783968724	0.41935907038546344
0.3629521016617791	0.42471919304763883
0.3678396871945259	0.4282455895359122
0.37223851417399806	0.42993825985028344
0.3774193548387097	0.43684999696729915
0.37565982404692083	0.3994701941916019
0.3798631476050831	0.41329366842563325
0.3847507331378299	0.42076962898077275
0.389247311827957	0.42866875711450503
0.393841642228739	0.43727316454589193
0.39833822091886606	0.4467239071344644
0.40332355816226784	0.45419986768960385
0.4081133919843597	0.4550462028467894
0.41270772238514175	0.46082949308755766
0.4174975562072336	0.46774123020457337
0.42189638318670575	0.4743708556025273
0.4268817204301075	0.4784614755289242
0.4314760508308895	0.47944886654564084
0.433822091886608	0.46604855989020216
0.43587487781036166	0.4635095544186454
0.4406647116324535	0.4743708556025273
0.44545454545454544	0.47958992240517173
0.4499511241446725	0.48255209545532135
0.4548387096774193	0.4910154470271773
0.4593352883675464	0.4976450724251311
0.46412512218963825	0.5038515302444921
0.4688172043010752	0.5025820275087137
0.4736070381231672	0.5076600384518274
0.4782013685239492	0.5142896638497813
0.4827956989247312	0.5183802837761783
0.48778103616813295	0.5248688533146011
0.49266862170087977	0.5217656244049207
0.4900293255131965	0.47169079427143956
0.48484848484848486	0.42387285789045326
0.48035190615835777	0.3874804461314726
0.47575757575757577	0.35771765977044573
0.47086999022482895	0.3311991581786303
0.466080156402737	0.3173756839445989
0.461485826001955	0.29748680775073744
0.4566959921798631	0.27914954601171615
0.4518084066471163	0.2627870663061279
0.44711632453567934	0.25192576512224607
0.4427174975562072	0.24402663698851385
0.4376344086021505	0.2306263303330752
0.43391984359726293	0.22738204556386382
0.43352883675464315	0.23923073776446216
0.4287390029325513	0.22695887798527098
0.42394916911045943	0.21454596234654888
0.4192570869990225	0.20241515842688865
0.4147605083088954	0.19127174552394494
0.40977517106549366	0.18097466777818688
0.4054740957966764	0.17815355058756818
0.4005865102639296	0.16870280799899567
0.39579667644183775	0.15911100955089227
0.3911045943304008	0.15205821657434562
0.38631476050830893	0.14542859117639179
0.3819159335288368	0.14401803258108245
0.3771260997067449	0.1359778485878193
0.37732160312805474	0.16418902049400586
0.37458455522971656	0.15516144548402616
0.3694037145650049	0.1438769767215515
0.3650048875855328	0.13710629546406677
0.36011730205278597	0.12539865912299933
0.35581622678396874	0.11580686067489587
0.3509286412512219	0.10833090011975646
0.3460410557184751	0.10452239191242126
0.3413489736070381	0.09888015753118393
0.33665689149560113	0.0909810293974517
0.3321603128054741	0.08477457157809065
0.32727272727272727	0.07885022547779147
0.3226783968719452	0.07870916961826054
0.31945259042033236	0.08674935361152372
0.31837732160312804	0.09408425830713221
0.3134897360703812	0.081953454387472
0.3086021505376344	0.07461854969186348
0.3043010752688172	0.07095109734405922
0.2998044965786901	0.06178246647454859
0.29560117302052785	0.057409734829089676
0.2916911045943304	0.053460170762223556
0.28729227761485826	0.049651662554888364
0.283088954056696	0.044009428173651055
0.27917888563049853	0.040341975825846796
0.27468230694037143	0.03864930551147561
0.270674486803519	0.035263964882733215
0.2665689149560117	0.030750177377743364
0.26256109481915935	0.029621730501495903
0.23538611925708702	0.0
0.22854349951124142	0.0
0.2249266862170088	0.0
0.22111436950146626	0.0
0.21739980449657867	0.0
0.21388074291300097	0.0
0.21016617790811337	0.0
0.2064516129032258	0.0
0.20283479960899314	0.0
0.19912023460410558	0.0
0.19560117302052787	0.0
0.19169110459433042	0.0
0.18836754643206258	0.0
0.18465298142717498	0.0
0.18103616813294235	0.0
0.17722385141739982	0.0
0.17370478983382212	0.0
0.1734115347018573	0.012553971498253024
0.17067448680351904	0.008745463290917837
0.16666666666666666	0.0062064578193610455
0.1627565982404692	0.0023979496120258587
0.15933528836754643	0.00098739101671653
0.15562072336265884	0.0007052792976546643
0.15190615835777127	0.00028211171906186575
0.1484848484848485	0.0004231675785927986
0.14496578690127077	0.0
0.14115347018572827	0.00014105585953093288
0.13743890518084065	0.00014105585953093288
0.133822091886608	0.0
0.13020527859237535	0.0
0.12639296187683285	0.0
0.12277614858260019	0.0
0.11915933528836756	0.0
0.11564027370478983	0.00014105585953093288
0.11671554252199415	0.03145545667539802
0.11427174975562071	0.032019680113521756
0.11006842619745845	0.02397949612025859
0.106158357771261	0.018478317598552205
0.10195503421309873	0.013964530093562352
0.0978494623655914	0.013118194936376757
0.0935483870967742	0.009168630869510636
0.08983382209188662	0.009168630869510636
0.0855327468230694	0.007334904695608509
0.08172043010752687	0.006770681257484777
0.07781036168132942	0.005501178521706382
0.07399804496578691	0.00493695508358265
0.07038123167155425	0.0052190668026445165
0.06656891495601172	0.00394956406686612
0.06275659824046921	0.004090619926397053
0.05913978494623656	0.0043727316454589184
0.05982404692082112	0.034558685585078554
0.05620723362658846	0.02510794299650605
0.05180840664711632	0.021440490648701793
0.04760508308895406	0.01622142384605728
0.04418377321603128	0.015657200407933548
0.0407624633431085	0.013823474234031422
0.03695014662756598	0.011143412902943696
0.03313782991202346	0.009168630869510638
0.029716520039100684	0.00888651915044877
0.026099706744868036	0.008040183993263172
0.022482893450635387	0.006770681257484777
0.019257086999022482	0.005501178521706382
0.016031280547409578	0.00592434610029918
0.012805474095796677	0.005501178521706382
0.009579667644183772	0.004654843364520785
0.0060606060606060615	0.003808508207335187
0.00303030303030303	0.002115837892963993
0.0005865102639296188	0.0035263964882733213
